2.139541520644711037e-01
8.474752339662613987e-02
5.748733179020103223e-02
4.883494564501995178e-02
4.395478964042652537e-02
3.999617248681672232e-02
3.638173568040732608e-02
3.298708768369892214e-02
2.978579778354517940e-02
2.677432970631403800e-02
2.395524882111599654e-02
2.133225247024057164e-02
1.890712069909373724e-02
1.668027940478903834e-02
1.465027187386846660e-02
1.281297762340189925e-02
1.116155424069001888e-02
9.686980365605271301e-03
8.378594705218843017e-03
7.224525008616785975e-03
6.212122698092808863e-03
5.328396228255411100e-03
4.560428289658582761e-03
3.895731621489045924e-03
3.322419319390518440e-03
2.829445066186261210e-03
2.406692597799092552e-03
2.045009161929733053e-03
1.736194462793091541e-03
1.472968708420267390e-03
1.248922868646867293e-03
1.058454355491917276e-03
8.966955318879735312e-04
7.594402032436663695e-04
6.430496350924323409e-04
5.443852306291330732e-04
4.607851369095993942e-04
3.899786312253373795e-04
3.300263486101881081e-04
2.792761579662724012e-04
2.363231967155575875e-04
1.999742499683989326e-04
1.692167757786464284e-04
1.431922005727138134e-04
1.211729677902410109e-04
1.025428598375939423e-04
8.678016827792666050e-05
7.344333368156505317e-05
6.215871745381522655e-05
5.261020626991120549e-05
4.453038604623180851e-05
3.769305620152086750e-05
3.190688580366359662e-05
2.701004080467820314e-05
2.286563593530602082e-05
1.935788612160353102e-05
1.638885074754598819e-05
1.387568000474851611e-05
1.174828623338532308e-05
9.947374846170497844e-06
8.422779398043398659e-06
7.132053851746708951e-06
6.039282301807929665e-06
5.114072539625090303e-06
4.330705030009233218e-06
3.667413262892798842e-06
3.105775162049148539e-06
2.630198377682660032e-06
2.227484948928216278e-06
1.886463070047482905e-06
1.597675593684592196e-06
1.353116509664271267e-06
1.146007994034940220e-06
9.706117689229010415e-07
8.220694819227108663e-07
6.962676317756880070e-07
5.897232583196744981e-07
4.994871988117533713e-07
4.230622063839640977e-07
3.583336436273504920e-07
3.035108169900622340e-07
2.570773158252842886e-07
2.177489720011270609e-07
1.844382691293685828e-07
1.562242107088065180e-07
1.323268089121345324e-07
1.120854846748819011e-07
9.494077879991707538e-08
8.041886604932417506e-08
6.811844224735518372e-08
5.769962045673947997e-08
4.887452817074309593e-08
4.139934474913894357e-08
3.506755834417110382e-08
2.970425543007769114e-08
2.516128471519876137e-08
2.131316147896729894e-08
1.805359891435307612e-08
1.529257044224259392e-08
1.295382168266675531e-08
1.097276322834494413e-08
9.294685915428464239e-09
7.873249218251489201e-09
6.669200957291274891e-09
5.649292913249616649e-09
4.785362361981319948e-09
4.053554136445949598e-09
3.433661709600311165e-09
2.908569084707036176e-09
2.463778067408091414e-09
2.087007855056321354e-09
1.767855878463249779e-09
1.497510524541389865e-09
1.268507802407246045e-09
1.074525230283039554e-09
9.102072490766744843e-10
7.710173398170618017e-10
6.531127600411544303e-10
5.532384391778484629e-10
4.686371022519085926e-10
3.969731397079047964e-10
3.362681207459385190e-10
2.848461692634998406e-10
2.412876939213288436e-10
2.043901945915624287e-10
1.731350628805738176e-10
1.466594599641734498e-10
1.242324952351592470e-10
1.052350479605788476e-10
8.914267483028383974e-11
7.551113143615799679e-11
6.396410791695491586e-11
5.418284017125077427e-11
4.589730978058932394e-11
3.887878969027386981e-11
3.293352985230889054e-11
2.789740847823885103e-11
2.363140124559512063e-11
2.001774336712487809e-11
1.695667857001987994e-11
1.436370522742310773e-11
1.216724361299680903e-11
1.030665988928327616e-11
8.730592263018460444e-12
7.395533112431477570e-12
6.264627931283811363e-12
5.306657942092996233e-12
4.495178285977734488e-12
3.807788000790978063e-12
3.225511635791126635e-12
2.732275425756695707e-12
2.314463571154062374e-12
1.960542370428813539e-12
1.660741828830569103e-12
1.406785956126108695e-12
1.191664306736824927e-12
1.009438455219135356e-12
8.550780651621574312e-13
7.243220262639502979e-13
6.135608262774978940e-13
5.197369099734827405e-13
4.402602756096844578e-13
3.729369771072374051e-13
3.159085610132080703e-13
2.676007632798630206e-13
2.266800520388469089e-13
1.920168153411256676e-13
1.626541782999850828e-13
1.377815887510552691e-13
1.167124416433227810e-13
9.886512576885314575e-14
8.374696821758572241e-14
7.094063412174736282e-14
6.009260627449597581e-14
5.090342632983658232e-14
4.311942817608256306e-14
3.652573562100775184e-14
3.094033066888738809e-14
2.620902900554442446e-14
2.220122372153177224e-14
1.880627991420321182e-14
1.593048065593523636e-14
1.349443990865467350e-14
1.143091114922772568e-14
9.682930945266093406e-15
8.202246576803139740e-15
6.947983968524374759e-15
5.885519388532550241e-15
4.985523670440491186e-15
4.223152560598297684e-15
3.577360927883979274e-15
3.030321788047256454e-15
2.566934209319992151e-15
2.174406447071661559e-15
1.841902837490714017e-15
1.560244668212176954e-15
1.321656805581776878e-15
1.119553078921790295e-15
9.483544297443040583e-16
8.033349633366206880e-16
6.804914306631704928e-16
5.764327529810757576e-16
4.882864159151470315e-16
4.136191439075794626e-16
3.503697651847634066e-16
2.967922905472253341e-16
2.514077185581579947e-16
2.129632161978563199e-16
1.803975316003190355e-16
1.528116896788899073e-16
1.294441930660837492e-16
1.096499816769267348e-16
9.288264026236646999e-17
7.867931103860102189e-17
6.664791041316645616e-17
5.645631504025291670e-17
4.782318791061260809e-17
4.051021200127823727e-17
3.431551310828071215e-17
2.906808985540497200e-17
2.462308578058017911e-17
2.085779846164890927e-17
1.766828766107209651e-17
1.496650665088813586e-17
1.267787390869343911e-17
1.073921214150128329e-17
9.097004191648638365e-18
7.705918121124341555e-18
6.527552781979063884e-18
5.529379174193927270e-18
4.683843114417529186e-18
3.967604137782439497e-18
3.360890106320933146e-18
2.846952936641677453e-18
2.411605479981585591e-18
2.042830125642456094e-18
1.730446675690357901e-18
1.465831935861611436e-18
1.241681415546392181e-18
1.051807234854705303e-18
8.909679686321882704e-19
7.547238916765032757e-19
6.393137071146725190e-19
5.415518342727360518e-19
4.587393240021315313e-19
3.885902892211338251e-19
3.291681985883745580e-19
2.788327782281171579e-19
2.361945201251092248e-19
2.000763383478240347e-19
1.694812638692731429e-19
1.435646970528762107e-19
1.216112014313321152e-19
1.030147977864916771e-19
8.726206625393921161e-20
7.391820913838084515e-20
6.261483157096850704e-20
5.303994842360990643e-20
4.492923847244076707e-20
3.805879459531026204e-20
3.223895338863030624e-20
2.730905081986971282e-20
2.313303191578466271e-20
1.959559911110366527e-20
1.659908870358173866e-20
1.406080511506321899e-20
1.191066201574184745e-20
1.008931170177694993e-20
8.546484781227923534e-21
7.239579153277000767e-21
6.132518523056024614e-21
5.194747117475248128e-21
4.400379779994839082e-21
3.727484277139835913e-21
3.157484361610650855e-21
2.674650411486278498e-21
2.265649673809859541e-21
1.919190064010712666e-21
1.625710668613160409e-21
1.377114272858979244e-21
1.166527564934590283e-21
9.881427204141634815e-22
8.370372506574158489e-22
7.090393076053156087e-22
6.006158356046087655e-22
5.087683452516645951e-22
4.309708358098164531e-22
3.650652446398953701e-22
3.092409763668067901e-22
2.619522340372302222e-22
2.218941948348531148e-22
1.879628008478371606e-22
1.592190392495592282e-22
1.348711413263746096e-22
1.142470967991272466e-22
9.677629642026679183e-23
8.197741406432554972e-23
6.944138292076061183e-23
5.882231686824804165e-23
4.982689378318585865e-23
4.220734418824251768e-23
3.575325242207281658e-23
3.028546257486149791e-23
2.565412343951638087e-23
2.173116642417308508e-23
1.840747566483835558e-23
1.559288114016610841e-23
1.320814718424073649e-23
1.118798916371680556e-23
9.477133547305333162e-24
8.027725175835172756e-24
6.800101189857498401e-24
5.760200374276383067e-24
4.879207875562927484e-24
4.133080462975914183e-24
3.500942572993048738e-24
2.965506803983223364e-24
2.511949009543253599e-24
2.127724108265073980e-24
1.802355672976360127e-24
1.526745182759851012e-24
1.293091730386819475e-24
1.095223978701679143e-24
9.278035560332149454e-25
7.859229226092953455e-25
6.657168595186395900e-25
5.638667709118481103e-25
4.776109969646298644e-25
4.045020234628169247e-25
3.426503291240078575e-25
2.902449554740325856e-25
2.458323754566609889e-25
2.082323672133584163e-25
1.763546358577172553e-25
1.493871021245696733e-25
1.265198791333194878e-25
1.071594048089131923e-25
9.074289564791062672e-26
7.686051804493142097e-26
6.509657079688748996e-26
5.511797788567221409e-26
4.668851941614172597e-26
3.954735686132461704e-26
3.348657545511296937e-26
2.835661040235958335e-26
2.402339498684047619e-26
2.033109464853407571e-26
1.722538990030878777e-26
1.458134441275422787e-26
1.235223763440666136e-26
1.045521091548892729e-26
8.853543281462306991e-27
7.494252964541839699e-27
6.347844012294236656e-27
5.370648584410229428e-27
4.548264705933109845e-27
3.854392686213127058e-27
3.261262221328598438e-27
2.761134482182510525e-27
2.338513316451459091e-27
1.980967657978877048e-27
1.674168488812146440e-27
1.419327740486796259e-27
1.201221843975363459e-27
1.017315137411850763e-27
8.593377041198384230e-28
7.266689009828265500e-28
6.148226226572122861e-28
5.194149237895305969e-28
4.387140255264522836e-28
3.720660852378406752e-28
3.131087677378866594e-28
2.652420430833566728e-28
2.247470765395240314e-28
1.895132941337653797e-28
1.610805908727182844e-28
1.355392416988426344e-28
1.147052549134113800e-28
9.642994072114905933e-29
8.177014889844175093e-29
6.916492707378228523e-29
5.805360861010340269e-29
4.911391216329762922e-29
4.108874104432290878e-29
3.510358443208092973e-29
2.957457568533428749e-29
2.507078697050401971e-29
2.129634466320196022e-29
1.772130997063202546e-29
1.500912751388835886e-29
1.295762717262515290e-29
1.061949516842140282e-29
9.056133283988825132e-30
7.679793389756448786e-30
6.576089232804121310e-30
5.723460433297775165e-30
4.851764218897070817e-30
4.155067359823042643e-30
3.552343348809542942e-30
3.182335574957512530e-30
2.722513579521991714e-30
2.391726048804719569e-30
2.106429618614670842e-30
1.814074014680917434e-30
1.681758043374617902e-30
1.551929460793922456e-30
1.514180243140034446e-30
1.352769663137523147e-30
1.226942108481634942e-30
1.135969864558030127e-30
1.026436033599079794e-30
1.013287371173295629e-30
9.611464275355091500e-31
9.710078261400959271e-31
9.373748020485639337e-31
9.221732762984772187e-31
9.303273114706970511e-31
8.805334419482958366e-31
9.279513555835666549e-31
8.373989552132386165e-31
9.041510740751217941e-31
8.463350872028424569e-31
8.576087597586087895e-31
8.518319263465740708e-31
9.107976944839602291e-31
9.021674064354339170e-31
8.771588313906531129e-31
8.762568700491580856e-31
8.811712140140505651e-31
9.635819497826021367e-31
9.248924981303854874e-31
9.553391194594877361e-31
9.307767600028956286e-31
9.546797780201755460e-31
9.789426296947105363e-31
9.688435684161106772e-31
9.381223952943580766e-31
9.521861656506754875e-31
9.729675106413037534e-31
9.787157804263894890e-31
9.619305839786841283e-31
9.929007855072230375e-31
9.906955580278077491e-31
1.004081358825447548e-30
1.007858691540567892e-30
9.987066682089524509e-31
1.007614862297090918e-30
1.014611510483184042e-30
1.014804313822369711e-30
9.762460020416326506e-31
1.060588821621420665e-30
9.733662906949053235e-31
9.692681453688977662e-31
1.002538703651575879e-30
1.003105351746571166e-30
1.025025655574855370e-30
9.873157782682677623e-31
9.814623657129269648e-31
9.637625874650682416e-31
1.031397341133253418e-30
9.874152876774309900e-31
9.781262363180625613e-31
9.581870306543490265e-31
9.749351892154672125e-31
1.010349283840063088e-30
1.015986906611075994e-30
1.017016450851926259e-30
1.009778238329103618e-30
1.018850454654887229e-30
1.003692834322105091e-30
9.605630615991080301e-31
1.002047039943531393e-30
9.886684660312431791e-31
1.008886073285220739e-30
9.396992216895040873e-31
1.026998162246688712e-30
9.629889328625239056e-31
9.676115646316682255e-31
9.515335485854609385e-31
9.708906991928170289e-31
9.962801280905267698e-31
1.011983553331285549e-30
1.043481017137833470e-30
1.006956000059205009e-30
9.945325273417055806e-31
9.963288762514457337e-31
1.014670530292394099e-30
9.961993612236855293e-31
1.037116679096211832e-30
1.012614922444851983e-30
1.024889076269144655e-30
1.028476465983689695e-30
1.037606208056056639e-30
9.965728856136516171e-31
1.033563546557545669e-30
1.000758102251363059e-30
1.049795731657242421e-30
1.036994593282475016e-30
1.066342216147422872e-30
9.984117186510003702e-31
