3.413297318664423319e-01
1.090899431851330287e-01
7.090397006561120763e-02
5.597982981064233976e-02
4.783698517083326274e-02
4.261306094161240038e-02
3.890908193453117975e-02
3.611378982213803157e-02
3.390591669044443202e-02
3.210329943659527563e-02
3.059464817007592069e-02
2.930850660900170476e-02
2.819525838182710201e-02
2.721991667214207142e-02
2.635714014170565875e-02
2.558832119981682696e-02
2.489853217177098385e-02
2.427537186294726271e-02
2.370713171396137894e-02
2.318599741988111931e-02
2.270735026853858834e-02
2.226694137236841231e-02
2.186018538715070805e-02
2.148301757414959948e-02
2.113170550464622821e-02
2.080290127974142311e-02
2.049361867798020487e-02
2.020208519098789027e-02
1.992680633272975177e-02
1.966641066814125635e-02
1.941963358792024238e-02
1.918514706475004869e-02
1.896177920412081205e-02
1.874832230181366910e-02
1.854360302064129648e-02
1.834660369007358113e-02
1.815664747058711587e-02
1.797325064603825032e-02
1.779593199884731830e-02
1.762434122915807963e-02
1.745854848020638589e-02
1.729825406239328053e-02
1.714284442003875808e-02
1.699172741998392772e-02
1.684464064347469814e-02
1.670124378800685525e-02
1.656152453189213211e-02
1.642560207020981808e-02
1.629335313923801695e-02
1.616473485801040583e-02
1.603964471157042285e-02
1.591787353861805199e-02
1.579933696222756215e-02
1.568397129149326497e-02
1.557160250229370525e-02
1.546212661059355974e-02
1.535552931202310498e-02
1.525166984283613490e-02
1.515022753614953324e-02
1.505084989715190120e-02
1.495345673343628605e-02
1.485802280324946718e-02
1.476437036125684103e-02
1.467241781869986321e-02
1.458206843959478950e-02
1.449316293628704309e-02
1.440577624601629796e-02
1.432014150478912000e-02
1.423647222461630994e-02
1.415494155752146203e-02
1.407544746586052338e-02
1.399779444301989077e-02
1.392190277559831116e-02
1.384776350825284337e-02
1.377526909525914403e-02
1.370435681661118753e-02
1.363498615051623140e-02
1.356696553451155335e-02
1.350012606687213922e-02
1.343442796113996154e-02
1.336991887967988249e-02
1.330659710205895317e-02
1.324446570199972265e-02
1.318348344598088348e-02
1.312357789248660457e-02
1.306471246060812545e-02
1.300686437344520004e-02
1.294995149451830946e-02
1.289393469581995647e-02
1.283876167422889555e-02
1.278429475029000013e-02
1.273053842888826996e-02
1.267745364827531362e-02
1.262502586845342355e-02
1.257329739160661063e-02
1.252231052714422067e-02
1.247212636461888374e-02
1.242276760924933450e-02
1.237414776730155937e-02
1.232615084776734170e-02
1.227867509231648536e-02
1.223166787220847200e-02
1.218511308636934139e-02
1.213899938251054508e-02
1.209341379898511495e-02
1.204836325249748069e-02
1.200386990678749093e-02
1.195988606907479566e-02
1.191628865399139633e-02
1.187296420092557800e-02
1.182988067327148292e-02
1.178708324191522251e-02
1.174466513718501123e-02
1.170268384255780669e-02
1.166116926012702136e-02
1.162014931394884584e-02
1.157966490541690457e-02
1.153974662351663939e-02
1.150042128133104205e-02
1.146168452156986692e-02
1.142352491559789004e-02
1.138597676845538691e-02
1.134908011704151287e-02
1.131282682042183442e-02
1.127717588833913182e-02
1.124209735352843520e-02
1.120753836093792317e-02
1.117346199472186476e-02
1.113987914524769418e-02
1.110677607141072332e-02
1.107412503905362729e-02
1.104189048815924779e-02
1.101002422279026907e-02
1.097848532730858959e-02
1.094723953385119339e-02
1.091623097850316637e-02
1.088539492853703508e-02
1.085470678241736396e-02
1.082418679155316976e-02
1.079386170565498418e-02
1.076375418491821480e-02
1.073387324880611775e-02
1.070418937350224586e-02
1.067470115227055205e-02
1.064548043135236065e-02
1.061659894441222690e-02
1.058806967636454974e-02
1.055987252138003776e-02
1.053197513593797513e-02
1.050433821769717994e-02
1.047694511782620852e-02
1.044978896384365051e-02
1.042285252778107907e-02
1.039611813803107548e-02
1.036955563846158820e-02
1.034313364848590475e-02
1.031683771874318707e-02
1.029069010052461805e-02
1.026472274505610405e-02
1.023894332678059078e-02
1.021333955772494619e-02
1.018789645712000688e-02
1.016261220482309567e-02
1.013752461930124069e-02
1.011270653003182654e-02
1.008822929222388462e-02
1.006411255107610321e-02
1.004032389117147893e-02
1.001683776622678754e-02
9.993612205940204801e-03
9.970602306315787255e-03
9.947778178637513638e-03
9.925128145745329075e-03
9.902638849817802999e-03
9.880285471411742043e-03
9.858054492700723745e-03
9.835942390632986324e-03
9.813958884600352400e-03
9.792105881343547355e-03
9.770370548898720323e-03
9.748736822033757937e-03
9.727187785005562276e-03
9.705720318030266330e-03
9.684347858912981805e-03
9.663074088953428620e-03
9.641901247885569307e-03
9.620834251518429331e-03
9.599877576917522151e-03
9.579042909222514404e-03
9.558341235966638302e-03
9.537777097163012766e-03
9.517335646696146317e-03
9.497006620782209169e-03
9.476778287872588552e-03
9.456639665496870475e-03
9.436574207088236840e-03
9.416582570492156717e-03
9.396691227470374552e-03
9.376934121498915059e-03
9.357352521104504370e-03
9.337959695723428363e-03
9.318757581858362268e-03
9.299743661719317434e-03
9.280903887115679596e-03
9.262219657569665740e-03
9.243687314141615929e-03
9.225303392798216498e-03
9.207054969058520166e-03
9.188931451095143019e-03
9.170921941789669102e-03
9.153023451108906888e-03
9.135241081228217402e-03
9.117578706079716711e-03
9.100033761021515330e-03
9.082597271235465924e-03
9.065261981300379301e-03
9.048028210254077663e-03
9.030899880062876958e-03
9.013864133416855592e-03
8.996895912857662270e-03
8.979965214319278813e-03
8.963047711147646007e-03
8.946140654805695772e-03
8.929243593022679476e-03
8.912365496069803508e-03
8.895510634928414234e-03
8.878671312156555251e-03
8.861855167148427123e-03
8.845081422825537901e-03
8.828353580689330543e-03
8.811650374755912798e-03
8.794939200587282777e-03
8.778193223313739135e-03
8.761405060962507499e-03
8.744587115025405713e-03
8.727765673408448971e-03
8.710977268945548080e-03
8.694248730340733977e-03
8.677594521154930254e-03
8.661009533551740011e-03
8.644459524104310469e-03
8.627901693630059959e-03
8.611291460417426491e-03
8.594590474197224064e-03
8.577779609900167482e-03
8.560855600337410887e-03
8.543821973868949080e-03
8.526695777393124634e-03
8.509500529948959419e-03
8.492227114420653269e-03
8.474869757124648892e-03
8.457443637805359127e-03
8.439979430963043261e-03
8.422515346562704092e-03
8.405094740146088622e-03
8.387772260072987388e-03
8.370601998889528467e-03
8.353614889335546703e-03
8.336816491289646483e-03
8.320191330296294874e-03
8.303718000590262077e-03
8.287380682178987351e-03
8.271171142833511417e-03
8.255106896163681360e-03
8.239204504083929084e-03
8.223466997242481757e-03
8.207883495656001505e-03
8.192433095390977069e-03
8.177097713277441809e-03
8.161864317054595697e-03
8.146720225249030889e-03
8.131646245776150486e-03
8.116608110852381944e-03
8.101572023460028651e-03
8.086530397711811161e-03
8.071478770953988136e-03
8.056409724716308285e-03
8.041330345368209037e-03
8.026253312382646346e-03
8.011179146752478442e-03
7.996106857012933930e-03
7.981033869975026271e-03
7.965956864607439195e-03
7.950927221601759506e-03
7.935967682132930370e-03
7.921070147682399837e-03
7.906219344674274285e-03
7.891403578752077472e-03
7.876613474785880073e-03
7.861835619985768631e-03
7.847069929065565719e-03
7.832330030623725972e-03
7.817614170132007947e-03
7.802914296213095055e-03
7.788236713518310005e-03
7.773607586888096367e-03
7.759054861210154877e-03
7.744597640058380195e-03
7.730251712186411890e-03
7.716033173364679996e-03
7.701945968561063789e-03
7.687963221206964987e-03
7.674055461846975533e-03
7.660209235205062313e-03
7.646422413748546650e-03
7.632693850673184094e-03
7.619017128516304867e-03
7.605377665679425615e-03
7.591757068639864818e-03
7.578137897583115887e-03
7.564518506368648511e-03
7.550920296654318326e-03
7.537379042566007444e-03
7.523922263696441147e-03
7.510553844696630892e-03
7.497260731465963703e-03
7.484037920330923258e-03
7.470897836986650775e-03
7.457863486177014785e-03
7.444933186232381012e-03
7.432089344361994879e-03
7.419308650771370278e-03
7.406563050141466188e-03
7.393822768469951283e-03
7.381060250882510131e-03
7.368264428041113208e-03
7.355437489485800243e-03
7.342580557846611379e-03
7.329681717264960317e-03
7.316703874059246777e-03
7.303613911657736747e-03
7.290413291465519183e-03
7.277124161780010661e-03
7.263779598872174663e-03
7.250430047188035146e-03
7.237125056087594273e-03
7.223900693646122424e-03
7.210767326104862603e-03
7.197729647212510080e-03
7.184773259730041495e-03
7.171870791355120650e-03
7.158997398376784962e-03
7.146132548457436937e-03
7.133264949621813747e-03
7.120392652390106908e-03
7.107518475970050868e-03
7.094653031329454032e-03
7.081813258702569086e-03
7.069013014431485380e-03
7.056258662866841426e-03
7.043548688665934344e-03
7.030880244834635841e-03
7.018255918679695837e-03
7.005665558008331711e-03
6.993089891754926055e-03
6.980512712129252617e-03
6.967929659628834503e-03
6.955344046339589741e-03
6.942765262620369943e-03
6.930209362385976804e-03
6.917692133230337811e-03
6.905236423812056989e-03
6.892866834173182015e-03
6.880600038182992963e-03
6.868449201919209213e-03
6.856423584874903228e-03
6.844519386699515588e-03
6.832735750887164450e-03
6.821072276478491216e-03
6.809522659863662987e-03
6.798080646580980345e-03
6.786748981368898037e-03
6.775535261343654247e-03
6.764443759641385577e-03
6.753466537838942289e-03
6.742586407245254945e-03
6.731784948620712569e-03
6.721046862507761878e-03
6.710361892435729239e-03
6.699726384750076882e-03
6.689136205841278091e-03
6.678588125033899960e-03
6.668081616635487645e-03
6.657619944647930228e-03
6.647205692883443109e-03
6.636836701557409512e-03
6.626498270700132212e-03
6.616165109382213597e-03
6.605813250827571696e-03
6.595433112828672124e-03
6.585033784655242375e-03
6.574639056074285150e-03
6.564278800543241719e-03
6.553988953189995859e-03
6.543799327605597481e-03
6.533728860568181751e-03
6.523773973714577790e-03
6.513911686506196341e-03
6.504116385145856070e-03
6.494373550622521869e-03
6.484677345980531873e-03
6.475022204601007560e-03
6.465398548284942426e-03
6.455796784266841330e-03
6.446225265543259995e-03
6.436688823753449439e-03
6.427191978537219637e-03
6.417743872563928288e-03
6.408350342299855285e-03
6.399008561936796874e-03
6.389711980586854946e-03
6.380454546014683800e-03
6.371228723699365673e-03
6.362028515687533949e-03
6.352848712272497408e-03
6.343679342191515212e-03
6.334511643665769257e-03
6.325341758107801311e-03
6.316172300947370429e-03
6.306996182893770050e-03
6.297805465195510655e-03
6.288597212733140936e-03
6.279372656511256028e-03
6.270135324746811505e-03
6.260893173878578216e-03
6.251660930797637780e-03
6.242456249568774027e-03
6.233292197837309555e-03
6.224172905883519277e-03
6.215100472572792842e-03
6.206067634068462673e-03
6.197064266157240736e-03
6.188088233894096374e-03
6.179140675439212006e-03
6.170223473768375946e-03
6.161343179253115504e-03
6.152501841812253909e-03
6.143697030351806185e-03
6.134926905665943030e-03
6.126191770982759854e-03
6.117491098458343116e-03
6.108812306783749368e-03
6.100144493858145403e-03
6.091481531018682304e-03
6.082813249735968299e-03
6.074134308934834442e-03
6.065444656193449101e-03
6.056747865386197943e-03
6.048050287807871413e-03
6.039359190704998888e-03
6.030689510811648724e-03
6.022061605244488636e-03
6.013493699765130353e-03
6.004993015035993420e-03
5.996559360191121117e-03
5.988186307158319122e-03
5.979859460343188611e-03
5.971565231274217518e-03
5.963297719839791289e-03
5.955054374801278111e-03
5.946827043196305923e-03
5.938602846420955317e-03
5.930375705174492466e-03
5.922150745741336896e-03
5.913933753610753352e-03
5.905728894855097853e-03
5.897543953674964402e-03
5.889390145008700783e-03
5.881273830392579581e-03
5.873194471976527289e-03
5.865146575621097563e-03
5.857120093449194077e-03
5.849104159885460709e-03
5.841095057440666947e-03
5.833099841834025676e-03
5.825125752527854708e-03
5.817171683806445816e-03
5.809236276861301854e-03
5.801329488936901417e-03
5.793466537865879160e-03
5.785655547906740602e-03
5.777894857442305958e-03
5.770176567466370025e-03
5.762491032272498703e-03
5.754825665814721804e-03
5.747162951296218986e-03
5.739488102469621385e-03
5.731791881252242156e-03
5.724067923759938552e-03
5.716313828216887209e-03
5.708532671703305493e-03
5.700731794556250336e-03
5.692916123075658294e-03
5.685086310939441515e-03
5.677240966773093069e-03
5.669376445943093493e-03
5.661489205873285885e-03
5.653579300939497870e-03
5.645639310012496616e-03
5.637677462485755214e-03
