3.204116546902282398e-02
3.154258237954816330e-02
3.099525085420663795e-02
3.047543009850939635e-02
2.997234479167013715e-02
2.948249091717859705e-02
2.900424724513883321e-02
2.853642624322384747e-02
2.807803001989694208e-02
2.762821912002754246e-02
2.718629561212072485e-02
2.675167401055012981e-02
2.632384033818422481e-02
2.590229764946254398e-02
2.548648944816938808e-02
2.507568358985140522e-02
2.466878764838958613e-02
2.426405270640990403e-02
2.385861306837343612e-02
2.344783187773872776e-02
2.302455456589291849e-02
2.257876686786933207e-02
2.209889761895059146e-02
2.157639685794916773e-02
2.101297053735758438e-02
2.042445239031319415e-02
1.983500368431288796e-02
1.926578747762926550e-02
1.872806378160388197e-02
1.822342663238541230e-02
1.774756673085394615e-02
1.729403170411497603e-02
1.685646628508291611e-02
1.642935020024804266e-02
1.600790625760087002e-02
1.558783406848528348e-02
1.516519815355600945e-02
1.473660939551280948e-02
1.429997298500241230e-02
1.385573729385279097e-02
1.340742148736000575e-02
1.296033310099865658e-02
1.251948200253167644e-02
1.208865391445196336e-02
1.167032760879112112e-02
1.126582032336825336e-02
1.087547644697515505e-02
1.049887364344326279e-02
1.013522681890912519e-02
9.783760443066089746e-03
9.443806472441904076e-03
9.114787952232167312e-03
8.796268259697308245e-03
8.487886107150458687e-03
8.189294025341639985e-03
7.900143363881470190e-03
7.620046994009663753e-03
7.348615496296799846e-03
7.085545542960793031e-03
6.830666618457282777e-03
6.584052393721913539e-03
6.346020163588946168e-03
6.116986571286790048e-03
5.897321154547537601e-03
5.687422360181890527e-03
5.487458090396624827e-03
5.297376517037080158e-03
5.117081873616334542e-03
4.946439599656664125e-03
4.785169774640826885e-03
4.632779276712632038e-03
4.488638549346241763e-03
4.352080057725384726e-03
4.222447760624455614e-03
4.099128238618153508e-03
3.981570491558966522e-03
3.869292973856081584e-03
3.761868397889369699e-03
3.658923888180675831e-03
3.560164780580943409e-03
3.465338624888661748e-03
3.374183720449102503e-03
3.286427302781345754e-03
3.201809794038703617e-03
3.120104481920546718e-03
3.041122854201854051e-03
2.964704481470411580e-03
2.890709822911289011e-03
2.819021163763516750e-03
2.749540304362276671e-03
2.682172684566445659e-03
2.616806294148390274e-03
2.553351177494241672e-03
2.491727290839227706e-03
2.431869495159542406e-03
2.373743432063932582e-03
2.317322816991238248e-03
2.262581287227154875e-03
2.209503323123957527e-03
2.158052079667645024e-03
2.108094556143577832e-03
2.059578504737366329e-03
2.012533179955474510e-03
1.966932598111475073e-03
1.922722074336881025e-03
1.879864581049547423e-03
1.838340430312027053e-03
1.798120595392071206e-03
1.759156734701186175e-03
1.721393854826724478e-03
1.684778104221408904e-03
1.649259771544120184e-03
1.614794179848584935e-03
1.581339215420201174e-03
1.548855960957410674e-03
1.517312911673100988e-03
1.486685550203275478e-03
1.456948796795419368e-03
1.428074399025116214e-03
1.400048043613260230e-03
1.372868710104749052e-03
1.346521659207117324e-03
1.320971088728682165e-03
1.296171254374604105e-03
1.272077676862048978e-03
1.248651751242743505e-03
1.225861397384044905e-03
1.203684268382861728e-03
1.182110358799316968e-03
1.161137537462889969e-03
1.140761916007077166e-03
1.120970255449368685e-03
1.101737210633927386e-03
1.083029582467397124e-03
1.064827468536420560e-03
1.047128784381566244e-03
1.029928264617436303e-03
1.013215422007748660e-03
9.969778674216956890e-04
9.812018642911127589e-04
9.658737750755404380e-04
9.509818637046875715e-04
9.365130806948552405e-04
9.224508769102403912e-04
9.087841564623196002e-04
8.955059663616363273e-04
8.826051211012308877e-04
8.700657227174352125e-04
8.578688553746748654e-04
8.459930901547243597e-04
8.344149639653593688e-04
8.231112012270166717e-04
8.120637856205605975e-04
8.012655669395817677e-04
7.907204735692331633e-04
7.804366053439749451e-04
7.704185416722465892e-04
7.606645519567845114e-04
7.511681616951681887e-04
7.419209758575943557e-04
7.329147684440706200e-04
7.241423073519264548e-04
7.155971605937292866e-04
7.072730362065742134e-04
6.991631957986940314e-04
6.912602315675934073e-04
6.835562054607418302e-04
6.760429814671829870e-04
6.687125426949700347e-04
6.615571307608345691e-04
6.545691718799404295e-04
6.477411065462211365e-04
6.410652958676220847e-04
6.345341033350487088e-04
6.281401228728327986e-04
6.218764038183575982e-04
6.157364611016399175e-04
6.097139473816557721e-04
6.038021413659464725e-04
5.979938979241253586e-04
5.922835166704055500e-04
5.866715711999202429e-04
5.811676616835824384e-04
5.757823024833438712e-04
5.705157897550135106e-04
5.653589308096487222e-04
5.603006825667134492e-04
5.553324724419456604e-04
5.504482360617441936e-04
5.456431200622003687e-04
5.409135076713740857e-04
5.362590269090131883e-04
5.316823182534295873e-04
5.271849816051407981e-04
5.227654147813350517e-04
5.184199319983063279e-04
5.141442694002580855e-04
5.099343041351287300e-04
5.057862649491152041e-04
5.016967620415010163e-04
4.976627698826390379e-04
4.936816170073260283e-04
4.897510260909960838e-04
4.858692414881150877e-04
4.820352199542789814e-04
4.782487481203092652e-04
4.745103423192094730e-04
4.708209597984015045e-04
4.671816912949660933e-04
4.635935513435043170e-04
4.600573626312216987e-04
4.565736852958351554e-04
4.531427595868366457e-04
4.497644532103267558e-04
4.464382119160095449e-04
4.431630107634304018e-04
4.399373053808219749e-04
4.367589929097885496e-04
4.336254095969190817e-04
4.305334065636260061e-04
4.274795395072938519e-04
4.244603671704544529e-04
4.214727896986602976e-04
4.185143183827483727e-04
4.155831938266374881e-04
4.126783459378711039e-04
4.097992589115018007e-04
4.069458267220797112e-04
4.041182626257095595e-04
4.013170838152342059e-04
3.985431490799267438e-04
3.957976969389363905e-04
3.930823283975647315e-04
3.903989079791113565e-04
3.877494022301101713e-04
3.851357045634664798e-04
3.825594908693594090e-04
3.800221229883968526e-04
3.775245919402949162e-04
3.750674844611776959e-04
3.726509625736736326e-04
3.702747562071427752e-04
3.679381747625814678e-04
3.656401420707613807e-04
3.633792525001670881e-04
3.611538386943721605e-04
3.589620381104723481e-04
3.568018486351896422e-04
3.546711727070976801e-04
3.525678630054135789e-04
3.504898029446657241e-04
3.484350846003354384e-04
3.464023453761909117e-04
3.443911764374756762e-04
3.424022375181886625e-04
3.404367389246378993e-04
3.384955521515659689e-04
3.365786429009731012e-04
3.346851303142128016e-04
3.328136987180336809e-04
3.309629967849016014e-04
3.291318687023486928e-04
3.273194270383055567e-04
3.255250288362696465e-04
3.237482123987600428e-04
3.219886336773710410e-04
3.202460217915325505e-04
3.185201573961904072e-04
3.168108680570602036e-04
3.151180318433703079e-04
3.134415819093293396e-04
3.117815080245193320e-04
3.101378538275233209e-04
3.085107103040321845e-04
3.069002067415196617e-04
3.053065005513767491e-04
3.037297671834740076e-04
3.021701910589656747e-04
3.006279580658537901e-04
2.991032496346794091e-04
2.975962374978726745e-04
2.961070763433471063e-04
2.946358874968950533e-04
2.931827189979147670e-04
2.917474586060828210e-04
2.903296920525324457e-04
2.889286138636602982e-04
2.875433064577016307e-04
2.861734890259290984e-04
2.848198862501406694e-04
2.834835198236897451e-04
2.821648529056426549e-04
2.808636710079237694e-04
2.795793953715134295e-04
2.783113623844592991e-04
2.770589589839402749e-04
2.758216642877836760e-04
2.745990494158072662e-04
2.733907625056970748e-04
2.721965108700858662e-04
2.710160453138760867e-04
2.698491478623665134e-04
2.686956218370220345e-04
2.675552824457963475e-04
2.664279467927849763e-04
2.653134236611330707e-04
2.642115045205778033e-04
2.631219573799669200e-04
2.620445244940723738e-04
2.609789240659857656e-04
2.599248553739711711e-04
2.588820062903239940e-04
2.578500618454704287e-04
2.568287122763523349e-04
2.558176590404500142e-04
2.548166178134770210e-04
2.538253185139274760e-04
2.528435034710157375e-04
2.518709253443988287e-04
2.509073460239264462e-04
2.499525368039176771e-04
2.490062792910243024e-04
2.480683662450866101e-04
2.471386018959231216e-04
2.462168018713760506e-04
2.453027932464867567e-04
2.443964151192830466e-04
2.434975196457015399e-04
2.426059729753719417e-04
2.417216553240674436e-04
2.408444595733444003e-04
2.399742881816221778e-04
2.391110486331718930e-04
2.382546479887629343e-04
2.374049872610377386e-04
2.365619563195905885e-04
2.357254298834540263e-04
2.348952649475258801e-04
2.340712997734120692e-04
2.332533543953929395e-04
2.324412324674613296e-04
2.316347242104260155e-04
2.308336101998748719e-04
2.300376657538060539e-04
2.292466657174300820e-04
2.284603894856667187e-04
2.276786261308505748e-04
2.269011794912469539e-04
2.261278730032556625e-04
2.253585539173580464e-04
2.245930963449596889e-04
2.238314024052314973e-04
2.230734006892641952e-04
2.223190414605689296e-04
2.215682885437977184e-04
2.208211086637549745e-04
2.200774598583417818e-04
2.193372811587800998e-04
2.186004857040976833e-04
2.178669587471602663e-04
2.171365608230569017e-04
2.164091351023075501e-04
2.156845170718365234e-04
2.149625444426112128e-04
2.142430655895564929e-04
2.135259456695333218e-04
2.128110704904822995e-04
2.120983488960873152e-04
2.113877147169868748e-04
2.106791292452382029e-04
2.099725848605276312e-04
2.092681100153071427e-04
2.085657752556693053e-04
2.078656990202475043e-04
2.071680501224475938e-04
2.064730410735974176e-04
2.057809048555744728e-04
2.050918526205012117e-04
2.044060242523798024e-04
2.037234559066460678e-04
2.030440741794349634e-04
2.023676933681711288e-04
2.016940002348846593e-04
2.010225679977036678e-04
2.003529507685117403e-04
1.996848407968476670e-04
1.990182026621720895e-04
1.983532930192475545e-04
1.976905580807578348e-04
1.970304911347324950e-04
1.963735287818800838e-04
1.957200062853710440e-04
1.950701545000926385e-04
1.944241156886847407e-04
1.937819638438667731e-04
1.931437233352936299e-04
1.925093843455342091e-04
1.918789154613191996e-04
1.912522742844673627e-04
1.906294168658835217e-04
1.900103065127826355e-04
1.893949221785219499e-04
1.887832662253267890e-04
1.881753708673698344e-04
1.875713021367727510e-04
1.869711599498150262e-04
1.863750730472922177e-04
1.857831884604868198e-04
1.851956566591280112e-04
1.846126151559156681e-04
1.840341742180130020e-04
1.834604078065789877e-04
1.828913510559346148e-04
1.823270034743747095e-04
1.817673357191493895e-04
1.812122977390834820e-04
1.806618268937040730e-04
1.801158555549356053e-04
1.795743181112956861e-04
1.790371571658208041e-04
1.785043283604769760e-04
1.779758030515272971e-04
1.774515682146384464e-04
1.769316234499571777e-04
1.764159755856478814e-04
1.759046318962330401e-04
1.753975931834148916e-04
1.748948478684857167e-04
1.743963678971966770e-04
1.739021068039322919e-04
1.734119998613099822e-04
1.729259659424599044e-04
1.724439105730056845e-04
1.719657296285020097e-04
1.714913131985578701e-04
1.710205492474798261e-04
1.705533268194794839e-04
1.700895386439939413e-04
1.696290830843621153e-04
1.691718654390883645e-04
1.687177986510109162e-04
1.682668035090167870e-04
1.678188084426507126e-04
1.673737490147913913e-04
1.669315672142248806e-04
1.664922106404795234e-04
1.660556316599848649e-04
1.656217865972565062e-04
1.651906350089228951e-04
1.647621390730424895e-04
1.643362631120057682e-04
1.639129732544716963e-04
1.634922372304389057e-04
1.630740242835564797e-04
1.626583051763549035e-04
1.622450522577568673e-04
1.618342395585565814e-04
1.614258428804806692e-04
1.610198398485128760e-04
1.606162099044115149e-04
1.602149342310574991e-04
1.598159956108106191e-04
1.594193782341414621e-04
1.590250674849653185e-04
1.586330497343601956e-04
1.582433121734668142e-04
1.578558427096802890e-04
1.574706299389947068e-04
1.570876631938636586e-04
1.567069326528209943e-04
1.563284294875719833e-04
1.559521460172975103e-04
1.555780758392560654e-04
1.552062139097604740e-04
1.548365565598781195e-04
1.544691014451254809e-04
1.541038474468473137e-04
1.537407945634035723e-04
1.533799438486296070e-04
1.530212974686394670e-04
1.526648589491566750e-04
1.523106336675269081e-04
1.519586296026179497e-04
1.516088582959272668e-04
1.512613359116487578e-04
1.509160842321468547e-04
1.505731314070875868e-04
1.502325122974660125e-04
1.498942683138666202e-04
1.495584467242320624e-04
1.492250994810741845e-04
1.488942816769173063e-04
1.485660497727737527e-04
1.482404597559841824e-04
1.479175653728965979e-04
1.475974165535122137e-04
1.472800581068165176e-04
1.469655287250492160e-04
1.466538602997758691e-04
1.463450775261700089e-04
