1.055274163979722069e+00
2.401912487471838664e-01
1.620530136303844626e-01
1.308202047392768019e-01
1.124600544941452007e-01
1.000001732597550069e-01
9.071825744138781178e-02
8.339870223626177914e-02
7.746574173745678082e-02
7.248727234795429575e-02
6.824781334586935144e-02
6.460780037328038572e-02
6.146318582842537348e-02
5.871128577639741358e-02
5.627490631463568510e-02
5.408345213158049364e-02
5.210240415536328273e-02
5.031513577116023678e-02
4.870325573979419898e-02
4.724295828405441350e-02
4.591773527320692355e-02
4.470176454950181705e-02
4.358020425200659353e-02
4.254651261081192348e-02
4.159550021337164727e-02
4.071841513548191127e-02
3.990577607424365680e-02
3.914674728198097586e-02
3.843050527490712159e-02
3.775099476737450721e-02
3.710678162349276971e-02
3.649458560690918563e-02
3.591331026541895455e-02
3.536134192118826902e-02
3.483714419841904553e-02
3.433945149839971733e-02
3.386387930656210854e-02
3.340880927442015785e-02
3.297453349422142799e-02
3.256013590561140231e-02
3.216411624546009623e-02
3.178626650781286173e-02
3.142528969370283337e-02
3.107808948514394903e-02
3.074315939529821684e-02
3.042010608063850166e-02
3.010860896079841503e-02
2.980814841819253228e-02
2.951774984502203436e-02
2.923634323348812958e-02
2.896360282085973237e-02
2.869904993410984234e-02
2.844262191540864945e-02
2.819541856337826405e-02
2.795740874993573807e-02
2.772761397802075631e-02
2.750574507402198457e-02
2.729102989788894859e-02
2.708350288516546064e-02
2.688227016021484811e-02
2.668587966991440782e-02
2.649351576138243153e-02
2.630486099702488562e-02
2.611976529964419452e-02
2.593809825456206211e-02
2.575944868243544919e-02
2.558315005340519935e-02
2.540908597495179083e-02
2.523812820529060946e-02
2.507106472899507665e-02
2.490779562861236696e-02
2.474783399615492624e-02
2.459168857154308066e-02
2.443909956661256475e-02
2.428975880484047015e-02
2.414338929547774418e-02
2.400093432397518503e-02
2.386272281717093449e-02
2.372831412942861401e-02
2.359716283100895401e-02
2.346882140998539715e-02
2.334281383101763016e-02
2.321894156474571536e-02
2.309741243316295115e-02
2.297823749195843090e-02
2.286137986978765968e-02
2.274676182677551339e-02
2.263414657928896137e-02
2.252327236589531795e-02
2.241394947589232453e-02
2.230614152858415369e-02
2.219975509420702917e-02
2.209444562409506110e-02
2.199000307659057171e-02
2.188621100936385955e-02
2.178298578438707042e-02
2.168038693859294930e-02
2.157868176977538119e-02
2.147822720351031181e-02
2.137898776824345703e-02
2.128085670094280804e-02
2.118375213104200031e-02
2.108792580364723251e-02
2.099367007178548974e-02
2.090123643560572175e-02
2.081070939098669803e-02
2.072196227968611457e-02
2.063489092291767232e-02
2.054957481817103193e-02
2.046599343722248915e-02
2.038416371576593639e-02
2.030414089110185727e-02
2.022584151484408538e-02
2.014910312646498239e-02
2.007377815549760830e-02
1.999970506889343913e-02
1.992672999629901270e-02
1.985483578569077409e-02
1.978420328367944819e-02
1.971486875386678841e-02
1.964669026568678992e-02
1.957943661992559217e-02
1.951286001675054879e-02
1.944689818413376792e-02
1.938152994508296825e-02
1.931680539021331244e-02
1.925284703373635747e-02
1.918982413897615813e-02
1.912788309476923243e-02
1.906707897020801235e-02
1.900746643921920678e-02
1.894892861811608639e-02
1.889135366823496004e-02
1.883475410797903760e-02
1.877912834412204593e-02
1.872456803250154359e-02
1.867093626210532958e-02
1.861800697973365823e-02
1.856570010461714923e-02
1.851396100916558735e-02
1.846272709503318787e-02
1.841191303456718095e-02
1.836141377363053467e-02
1.831119854644120901e-02
1.826130742202407287e-02
1.821183754139599903e-02
1.816284276446931273e-02
1.811435717295343736e-02
1.806640411779712740e-02
1.801898863579277574e-02
1.797206750811421519e-02
1.792559794153113922e-02
1.787970302076490395e-02
1.783440541379419098e-02
1.778965054012082367e-02
1.774553511906609704e-02
1.770210743684878449e-02
1.765935479593095866e-02
1.761723597305330305e-02
1.757567283383863060e-02
1.753460641420156660e-02
1.749401131301440288e-02
1.745384787267184948e-02
1.741406837461579454e-02
1.737465730254563259e-02
1.733563275989131319e-02
1.729702054613398501e-02
1.725878296120007468e-02
1.722078510593361145e-02
1.718302536887051507e-02
1.714564462846734569e-02
1.710864583097165131e-02
1.707199273654198129e-02
1.703564430469352645e-02
1.699955939382099060e-02
1.696365275576355858e-02
1.692788118454037136e-02
1.689247947096940775e-02
1.685746838421502483e-02
1.682295488119513877e-02
1.678895412600384454e-02
1.675541551549072569e-02
1.672229902509874896e-02
1.668956370919612645e-02
1.665716746873390289e-02
1.662506937609041155e-02
1.659317642830702641e-02
1.656156002901850582e-02
1.653036923924195226e-02
1.649951441911727892e-02
1.646894779764970090e-02
1.643865459256842881e-02
1.640862734915770477e-02
1.637883311737237807e-02
1.634921541417557952e-02
1.631976136470104574e-02
1.629048416589549617e-02
1.626145751117514041e-02
1.623274670654928711e-02
1.620424574603333140e-02
1.617583220564169921e-02
1.614748022448787845e-02
1.611918514586028681e-02
1.609091997287098036e-02
1.606266454210341851e-02
1.603440875271091096e-02
1.600615138521572361e-02
1.597788967445296082e-02
1.594963232737518430e-02
1.592139005650652916e-02
1.589318118536584348e-02
1.586504456042286265e-02
1.583701476339427830e-02
1.580911147869783900e-02
1.578136668052201180e-02
1.575384149303190803e-02
1.572661455496996569e-02
1.569973832275978198e-02
1.567321672431976412e-02
1.564706568073531701e-02
1.562132156282440738e-02
1.559597700424240549e-02
1.557096360457136883e-02
1.554627242849732430e-02
1.552201079401070022e-02
1.549825280221756724e-02
1.547497561488741027e-02
1.545210291011968155e-02
1.542956826244042817e-02
1.540734513582837743e-02
1.538543676366982416e-02
1.536385014869413694e-02
1.534258663470058903e-02
1.532164735732076399e-02
1.530102564363565280e-02
1.528069917889180070e-02
1.526063714832113713e-02
1.524080578305337698e-02
1.522117315212212323e-02
1.520171717867639834e-02
1.518242601478835344e-02
1.516329275291072518e-02
1.514430988164280553e-02
1.512546556356519564e-02
1.510674722179785982e-02
1.508814457497863540e-02
1.506964259658855748e-02
1.505121837871340774e-02
1.503284433521426960e-02
1.501448939488270011e-02
1.499612033875989854e-02
1.497770770053221713e-02
1.495923413786571024e-02
1.494069828556685020e-02
1.492210961821679137e-02
1.490347812341670866e-02
1.488480978259031431e-02
1.486611285525860776e-02
1.484740614724205064e-02
1.482871982279020812e-02
1.481008372634616370e-02
1.479151532412487265e-02
1.477302272697612363e-02
1.475461456331858719e-02
1.473630381422068140e-02
1.471810153679983975e-02
1.470000943215975069e-02
1.468202277583348196e-02
1.466413519241671279e-02
1.464634026943200697e-02
1.462863295341097249e-02
1.461100995534424067e-02
1.459346517613799646e-02
1.457598290349270895e-02
1.455854164818538680e-02
1.454112790080230172e-02
1.452374412267124111e-02
1.450640457511750275e-02
1.448912448449039478e-02
1.447191305764898399e-02
1.445477577172245981e-02
1.443771274672846390e-02
1.442071368820746664e-02
1.440376642228984906e-02
1.438684982822735318e-02
1.436994518381278819e-02
1.435308160299845689e-02
1.433630693035183902e-02
1.431961791576512669e-02
1.430297665184178217e-02
1.428634764240228026e-02
1.426970421483296850e-02
1.425302210690489180e-02
1.423630029885093393e-02
1.421957817709810709e-02
1.420290174997329569e-02
1.418630255115017197e-02
1.416979212235646227e-02
1.415336720598900193e-02
1.413701534375922872e-02
1.412072325188203775e-02
1.410448259899063639e-02
1.408828842913808360e-02
1.407211767086454825e-02
1.405596021042186325e-02
1.403984244647256928e-02
1.402378863601719955e-02
1.400782384228823133e-02
1.399196893065457470e-02
1.397623390375351410e-02
1.396061952071494389e-02
1.394512089078614979e-02
1.392973388960460843e-02
1.391446336047625146e-02
1.389932124503540437e-02
1.388431503206212329e-02
1.386944177692684375e-02
1.385469225203674049e-02
1.384005685643787537e-02
1.382552798709212570e-02
1.381110215873529272e-02
1.379677636116951808e-02
1.378253585249462031e-02
1.376835907961348505e-02
1.375422929346915152e-02
1.374013125664125083e-02
1.372604850511165327e-02
1.371197487138002893e-02
1.369792398915116449e-02
1.368391437280891063e-02
1.366994847043140511e-02
1.365601390247550041e-02
1.364209400610028912e-02
1.362817597166923918e-02
1.361426026559265680e-02
1.360035326172770453e-02
1.358642850934658509e-02
1.357242893544352916e-02
1.355833740863473906e-02
1.354420577348759355e-02
1.353009197839612210e-02
1.351601909669849187e-02
1.350198963193379245e-02
1.348800349149172073e-02
1.347406321954866711e-02
1.346017134417891101e-02
1.344632744692069240e-02
1.343253167798157989e-02
1.341879267551451815e-02
1.340513043902080530e-02
1.339156336034634694e-02
1.337808547604966633e-02
1.336468043625494394e-02
1.335133571501594986e-02
1.333803649247115690e-02
1.332476587507750755e-02
1.331151100555109761e-02
1.329826849257877142e-02
1.328504575511678734e-02
1.327185784230444816e-02
1.325871780884095401e-02
1.324561891453245564e-02
1.323253575727612388e-02
1.321945145834161651e-02
1.320639096062552718e-02
1.319340452231549006e-02
1.318050287761614314e-02
1.316769100518410708e-02
1.315497521870672738e-02
1.314236310540565708e-02
1.312986085552927777e-02
1.311746087424152211e-02
1.310515048168429432e-02
1.309292580576346815e-02
1.308079168562758382e-02
1.306875285720209348e-02
1.305680582445628048e-02
1.304493873348636784e-02
1.303313784192163503e-02
1.302139240993243491e-02
1.300969554780252897e-02
1.299804384454166829e-02
1.298643740153738145e-02
1.297487978101705478e-02
1.296337795017199132e-02
1.295194045050338839e-02
1.294057153057837778e-02
1.292926622872431035e-02
1.291801279016759063e-02
1.290680104569368047e-02
1.289563029817940819e-02
1.288451088968594650e-02
1.287345803585368542e-02
1.286248246689391909e-02
1.285158741178743860e-02
1.284077746167155976e-02
1.283006051042760200e-02
1.281944036273303250e-02
1.280891532248946106e-02
1.279847914246977705e-02
1.278812153760895513e-02
1.277782902761920303e-02
1.276758630271375428e-02
1.275737802455596988e-02
1.274719097551176364e-02
1.273701614747875001e-02
1.272685009323995357e-02
1.271669514850828041e-02
1.270655808195382888e-02
1.269644510714708352e-02
1.268635388974505111e-02
1.267627603976518788e-02
1.266621163716768854e-02
1.265617196352209449e-02
1.264616955337784406e-02
1.263620700099600883e-02
1.262627296482221086e-02
1.261634713320720740e-02
1.260641183072040532e-02
1.259646068006273732e-02
1.258649560134545743e-02
1.257652223518532404e-02
1.256654908466822013e-02
1.255658611883965665e-02
1.254664246905345081e-02
1.253672552356889167e-02
1.252684173314759161e-02
1.251699793639856825e-02
1.250720162215103459e-02
1.249745995621578433e-02
1.248777843180673419e-02
1.247815975763969312e-02
1.246860317535534828e-02
1.245910457240482702e-02
1.244965803944926043e-02
1.244025846282461462e-02
1.243090319977122916e-02
1.242159173761288316e-02
1.241232456842374619e-02
1.240310303384604962e-02
1.239393037495833266e-02
1.238481262731548106e-02
1.237575851661363614e-02
1.236677944272003213e-02
1.235788889855402202e-02
1.234909851554110566e-02
1.234041284112659398e-02
1.233182724592511541e-02
1.232333075613631541e-02
1.231491278902760965e-02
1.230657323295698997e-02
1.229832687788263122e-02
1.229017328330288608e-02
1.228209728448780014e-02
1.227409261448686104e-02
1.226615829699484288e-02
1.225828990077249686e-02
1.225048226257417425e-02
1.224273640169093805e-02
1.223505846115673264e-02
1.222745625566752821e-02
1.221993666444873110e-02
1.221250405013956514e-02
1.220515937174663015e-02
1.219790007552806928e-02
1.219072099866256795e-02
1.218361602553163711e-02
1.217657947780955222e-02
1.216960474857198618e-02
1.216267744678664088e-02
1.215577659761613374e-02
1.214889780248509799e-02
1.214205193616955947e-02
1.213524199684603601e-02
1.212845816705802188e-02
1.212169152526362120e-02
1.211494593888857302e-02
1.210822470978851692e-02
1.210152321579642705e-02
1.209483369903278233e-02
1.208814991608851523e-02
1.208146895153695485e-02
1.207479113060756434e-02
1.206811859611214323e-02
1.206145206825037265e-02
1.205478863284931666e-02
1.204812707745383377e-02
1.204148768561515495e-02
1.203491611870277991e-02
1.202841874746109034e-02
1.202197979744968302e-02
1.201559781695691123e-02
1.200927275238846542e-02
1.200300309652688191e-02
1.199678781299962256e-02
1.199062519146597804e-02
1.198451194357668878e-02
1.197844462148028866e-02
1.197242051744101289e-02
1.196643612337760371e-02
