2.721849948631537286e-01
8.927522922980499209e-02
6.027537637617681743e-02
4.636434351422663580e-02
3.684464539947111816e-02
2.950046572773363726e-02
2.347316508122333778e-02
1.863559194676796260e-02
1.493191245799230585e-02
1.218313277422590490e-02
1.017350708438143764e-02
8.697612752223866928e-03
7.581856423423224967e-03
6.708178467250610136e-03
5.999963063421149927e-03
5.411957119338995509e-03
4.913536950205328081e-03
4.489456817582898260e-03
4.126196071523766454e-03
3.811847432770702239e-03
3.537141240312966298e-03
3.294319791158915271e-03
3.078245671984387692e-03
2.884908775769129321e-03
2.709784935687360730e-03
2.549789080775169327e-03
2.402808806416223061e-03
2.268078020493576649e-03
2.143489821190236195e-03
2.028231334740427782e-03
1.920806548006220643e-03
1.820284518202896096e-03
1.726047994143980980e-03
1.637684904483447269e-03
1.554749573493840109e-03
1.476666749062434218e-03
1.403024395578812873e-03
1.333562016180208157e-03
1.267968226951714976e-03
1.205842827905602519e-03
1.147057793803550173e-03
1.091567862784910675e-03
1.039031422458753465e-03
9.891713318495938718e-04
9.420020728743279349e-04
8.972607489959026107e-04
8.548303265364090228e-04
8.145780797559432160e-04
7.763425563582753829e-04
7.399894615801596524e-04
7.054328812058242165e-04
6.725854281341234892e-04
6.413582383560297593e-04
6.116469988854929610e-04
5.833809453189430123e-04
5.564808061163878730e-04
5.308831364140835941e-04
5.065202950287458952e-04
4.833241673548694739e-04
4.612358721395509514e-04
4.402006032359171307e-04
4.201501597171474877e-04
4.010453101979111331e-04
3.828349993848658523e-04
3.654733650555368001e-04
3.489166093762215799e-04
3.331276050790865639e-04
3.180718681881952292e-04
3.037108974719192681e-04
2.900117819374818445e-04
2.769426560310276979e-04
2.644726057562565413e-04
2.525708976976122930e-04
2.412190472243902061e-04
2.303935836823973516e-04
2.200642863891100307e-04
2.102063542234806795e-04
2.007937640910916952e-04
1.918144452697974366e-04
1.832443292042882288e-04
1.750638377677059439e-04
1.672549707223201342e-04
1.598005810570123282e-04
1.526841742256914542e-04
1.458897333667793714e-04
1.394023727199135312e-04
1.332082014455510523e-04
1.272932493887212922e-04
1.216442646173711902e-04
1.162498372950616172e-04
1.110971829000904963e-04
1.061756589140237317e-04
1.014749057505658287e-04
9.698499346584096999e-05
9.269637885434621840e-05
8.859930380481081339e-05
8.468458057056984080e-05
8.094409265780439216e-05
7.737028548090670900e-05
7.395577074626217499e-05
7.069343453855759791e-05
6.757625851548776223e-05
6.459746667017315881e-05
6.175066561016368937e-05
5.902995816428620828e-05
5.642974983578137512e-05
5.394470831269380050e-05
5.156979667691733484e-05
4.930025868720944941e-05
4.713149707443916572e-05
4.505895705103007498e-05
4.307817494197783851e-05
4.118490814541798744e-05
3.937521251475130195e-05
3.764536546004120654e-05
3.599182117220064688e-05
3.441119039809105798e-05
3.290023636397755097e-05
3.145592544326207866e-05
3.007533904220176984e-05
2.875560730195396973e-05
2.749403553187943866e-05
2.628805731075617032e-05
2.513521720201593085e-05
2.403314946980466193e-05
2.297958179901463664e-05
2.197236165139097242e-05
2.100944272162716208e-05
2.008886873652080513e-05
1.920876781682806527e-05
1.836735053139418279e-05
1.756290776385170297e-05
1.679380768195014000e-05
1.605849215206859440e-05
1.535547277159677812e-05
1.468332960703940061e-05
1.404070652159909320e-05
1.342628831048786286e-05
1.283882665042530510e-05
1.227713951676617638e-05
1.174010360432439201e-05
1.122667487531160398e-05
1.073579829065350892e-05
1.026638233577096648e-05
9.817502951475383513e-06
9.388277750688797386e-06
8.977851488289107000e-06
8.585401418398446686e-06
8.210138911339944580e-06
7.851309314831133522e-06
7.508191132554940389e-06
7.180094883393269191e-06
6.866361875473052551e-06
6.566362791432892020e-06
6.279494607661028111e-06
6.005178743058417517e-06
5.742863604712893639e-06
5.492023109403025868e-06
5.252154702193426419e-06
5.022777240473108587e-06
4.803419337962248683e-06
4.593565615844988044e-06
4.392910962843393739e-06
4.201094442815088218e-06
4.017672986050576055e-06
3.842270300774972344e-06
3.674534215839549682e-06
3.514128983302256665e-06
3.360733662267283146e-06
3.214041384102813114e-06
3.073758738457873974e-06
2.939605185469469546e-06
2.811312484404337586e-06
2.688624125866328495e-06
2.571294689182032417e-06
2.459088565618538413e-06
2.351782260938471529e-06
2.249166231232424996e-06
2.151030927597400783e-06
2.057180702927146654e-06
1.967428618975990589e-06
1.881595643593565840e-06
1.799510489989582794e-06
1.721009347418314676e-06
1.645935571633049510e-06
1.574139373365011578e-06
1.505477516678209534e-06
1.439813030292749839e-06
1.377014932251712851e-06
1.316957967461677365e-06
1.259522357388077322e-06
1.204593561136133139e-06
1.152062047181449725e-06
1.101823075082943306e-06
1.053776486598007605e-06
1.007826505708546257e-06
9.638815471446066023e-07
9.218540330528572163e-07
8.816602174980967332e-07
8.432200185096861034e-07
8.064568573964426707e-07
7.712975050578151669e-07
7.376719350198507386e-07
7.055131829258743746e-07
6.747572122140755996e-07
6.453427857182979928e-07
6.172113429352222625e-07
5.903068827080334264e-07
5.645758510866282049e-07
5.399670341330102963e-07
5.164314554508308609e-07
4.939222782276584977e-07
4.723947115880651171e-07
4.518059210651186164e-07
4.321149430063722356e-07
4.132826027393453286e-07
3.952714363294605451e-07
3.780456157710328124e-07
3.615708774591233889e-07
3.458144537974582836e-07
3.307450078035342720e-07
3.163325705789811453e-07
3.025484815187139390e-07
2.893653311384097963e-07
2.767569064049062046e-07
2.646981384597784867e-07
2.531650526305521651e-07
2.421347206294438224e-07
2.315852148434000238e-07
2.214955646236113516e-07
2.118457144869983618e-07
2.026164841456939564e-07
1.937895302843765213e-07
1.853473100089060599e-07
1.772730458930892848e-07
1.695506925533417711e-07
1.621649046846465858e-07
1.551010064935145904e-07
1.483449624670283613e-07
1.418833494192848784e-07
1.357033297594538267e-07
1.297926259279395152e-07
1.241394959495457645e-07
1.187327100547136056e-07
1.135615283222102642e-07
1.086156792984881355e-07
1.038853395510076566e-07
9.936111411477918682e-08
9.503401779289311388e-08
9.089545727382076213e-08
8.693721402973807104e-08
8.315142796168792426e-08
7.953058175898086942e-08
7.606748594159024069e-08
7.275526455567417722e-08
6.958734149370439554e-08
6.655742741186739376e-08
6.365950721866806752e-08
6.088782810974835873e-08
5.823688812509297356e-08
5.570142520571286020e-08
5.327640672808758178e-08
5.095701949542936609e-08
4.873866016580492068e-08
4.661692609808500846e-08
4.458760659740688701e-08
4.264667454272677224e-08
4.079027837981398664e-08
3.901473446362811940e-08
3.731651973491568739e-08
3.569226471638637804e-08
3.413874681451239170e-08
3.265288391360589256e-08
3.123172824944771292e-08
2.987246055017291200e-08
2.857238443287478083e-08
2.732892104461618733e-08
2.613960393732549839e-08
2.500207416622478785e-08
2.391407560214062683e-08
2.287345044831372737e-08
2.187813495276684133e-08
2.092615530774172872e-08
2.001562372799814420e-08
1.914473470017353274e-08
1.831176139577888956e-08
1.751505224061527790e-08
1.675302763385642312e-08
1.602417681022976434e-08
1.532705483904365925e-08
1.466027975411100584e-08
1.402252980885694201e-08
1.341254085111667475e-08
1.282910381245658425e-08
1.227106230695388523e-08
1.173731033471669335e-08
1.122679008554325141e-08
1.073848983836551418e-08
1.027144195228562333e-08
9.824720945221043272e-09
9.397441656325851198e-09
8.988757488549129418e-09
8.597858727813729641e-09
8.223970935482538099e-09
7.866353410940778075e-09
7.524297721172404790e-09
7.197126294480715533e-09
6.884191075508275931e-09
6.584872238894627670e-09
6.298576959020832065e-09
6.024738233386621145e-09
5.762813757290042241e-09
5.512284847553769479e-09
5.272655413182568611e-09
5.043450970890535586e-09
4.824217703543278410e-09
4.614521559644280723e-09
4.413947392078929664e-09
4.222098134395899860e-09
4.038594013007215205e-09
3.863071793709690281e-09
3.695184061063085021e-09
3.534598529171659310e-09
3.380997382514574593e-09
3.234076645495362806e-09
3.093545579477766645e-09
2.959126106102002908e-09
2.830552255734826028e-09
2.707569639949034132e-09
2.589934947007724897e-09
2.477415459327687815e-09
2.369788591971484558e-09
2.266841451256725628e-09
2.168370412598560179e-09
2.074180716749765701e-09
1.984086083633877876e-09
1.897908343009229470e-09
1.815477081226270485e-09
1.736629303378867793e-09
1.661209110173318182e-09
1.589067388882222286e-09
1.520061517762868082e-09
1.454055083353912408e-09
1.390917610090587748e-09
1.330524301703983995e-09
1.272755793880555426e-09
1.217497917707873240e-09
1.164641473414611242e-09
1.114082013983058080e-09
1.065719638173533060e-09
1.019458792579861663e-09
9.752080822978119067e-10
9.328800898494011983e-10
8.923912019898582644e-10
8.536614440638743783e-10
8.166143215756375648e-10
7.811766686598022181e-10
7.472785031562565878e-10
7.148528879927083304e-10
6.838357986109216909e-10
6.541659961649713667e-10
6.257849062418785305e-10
5.986365028676558237e-10
5.726671975605324821e-10
5.478257332246945101e-10
5.240630826567516340e-10
5.013323514786636057e-10
4.795886852949484423e-10
4.587891808956086034e-10
4.388928013241793496e-10
4.198602946457905153e-10
4.016541162540536116e-10
3.842383545579665420e-10
3.675786599083275672e-10
3.516421766181852132e-10
3.363974779422184884e-10
3.218145038896430043e-10
3.078645017428100941e-10
2.945199691672098654e-10
2.817545997993471822e-10
2.695432312005658544e-10
2.578617950821277233e-10
2.466872696914051676e-10
2.359976342764397576e-10
2.257718255305779946e-10
2.159896959320613825e-10
2.066319739010890547e-10
1.976802256877402209e-10
1.891168189210431752e-10
1.809248877449703021e-10
1.730882994701489621e-10
1.655916226807845200e-10
1.584200967256412564e-10
1.515596025404190218e-10
1.449966347393996104e-10
1.387182749204369668e-10
1.327121661329982054e-10
1.269664884578030492e-10
1.214699356491031181e-10
1.162116927924607140e-10
1.111814149364177995e-10
1.063692066536379623e-10
1.017656024908004905e-10
9.736154827034679552e-11
9.314838320551425092e-11
8.911782279363951910e-11
8.526194245326808710e-11
8.157316187490858969e-11
7.804423005050014718e-11
7.466821095611907051e-11
7.143846985760243096e-11
6.834866021008093798e-11
6.539271112956477702e-11
6.256481540898479315e-11
5.985941805522862713e-11
5.727120532505957316e-11
5.479509423790333430e-11
5.242622254592687118e-11
5.015993913805347949e-11
4.799179486467839852e-11
4.591753375791886605e-11
4.393308463686244518e-11
4.203455307599709010e-11
4.021821372378166622e-11
3.848050295516108393e-11
3.681801184382212688e-11
3.522747943922112066e-11
3.370578633740679376e-11
3.224994853057670334e-11
3.085711152372496212e-11
2.952454470851021025e-11
2.824963597973040689e-11
2.702988658808296573e-11
2.586290621538484120e-11
2.474640826384307230e-11
2.367820535125352646e-11
2.265620500066206356e-11
2.167840551859055160e-11
2.074289205170441681e-11
1.984783281535732929e-11
1.899147548586914031e-11
1.817214374947905584e-11
1.738823400190960380e-11
1.663821219025589529e-11
1.592061079385097723e-11
1.523402593466268966e-11
1.457711461412688262e-11
1.394859207013592438e-11
1.334722924848431213e-11
1.277185038457382169e-11
1.222133068999812622e-11
1.169459413975392673e-11
1.119061135522446435e-11
1.070839758002501166e-11
1.024701074284338036e-11
9.805549604895577304e-12
9.383151988085944368e-12
8.978993079597371748e-12
8.592283810660464213e-12
8.222269305251297818e-12
7.868227396703444942e-12
7.529467208349854963e-12
7.205327796029742579e-12
6.895176849481320101e-12
6.598409449950864783e-12
6.314446882368630952e-12
6.042735498301328052e-12
5.782745628801011309e-12
5.533970544435562896e-12
5.295925460315638386e-12
5.068146584377598384e-12
4.850190206922473073e-12
4.641631829894392674e-12
4.442065333979818205e-12
4.251102181316740892e-12
4.068370653540041340e-12
3.893515122465594300e-12
3.726195352612520473e-12
3.566085833821290148e-12
3.412875143107761016e-12
3.266265333997393876e-12
3.125971352358065572e-12
2.991720477726425640e-12
2.863251788829570620e-12
2.740315652225849015e-12
2.622673233202403749e-12
2.510096027861025186e-12
2.402365415556653465e-12
2.299272230613226057e-12
2.200616352965503768e-12
2.106206316008322647e-12
2.015858931963108291e-12
1.929398933265765065e-12
1.846658629530200172e-12
1.767477579373147662e-12
1.691702276590023549e-12
1.619185849669196940e-12
1.549787774709839673e-12
1.483373600518475058e-12
1.419814685678040255e-12
