3.802835669082411663e-01
1.220521839976962258e-01
7.633721170297463887e-02
5.885965125034302303e-02
4.955806428524641566e-02
4.367478073207268358e-02
3.955231843195090857e-02
3.646496133441098214e-02
3.403956179279257060e-02
3.206984185989551067e-02
3.043008756737115850e-02
2.903450292372153352e-02
2.782542333290101075e-02
2.676510782020656912e-02
2.582611668539492797e-02
2.498555592177561721e-02
2.422865467847015383e-02
2.354490257078382248e-02
2.292326261303073015e-02
2.235564497954877980e-02
2.183520315115524205e-02
2.135482017501143942e-02
2.091117199498562437e-02
2.050129331447073100e-02
2.012161771969523533e-02
1.976814946459101718e-02
1.943693629515050314e-02
1.912525231531504027e-02
1.883164318427545114e-02
1.855459642551827992e-02
1.829238924640880920e-02
1.804354062272504194e-02
1.780703517890497301e-02
1.758197730676365131e-02
1.736768561428802399e-02
1.716327661599826790e-02
1.696801079596029979e-02
1.678128572734704713e-02
1.660285010730659302e-02
1.643255531464204652e-02
1.626948574542400744e-02
1.611259072357799915e-02
1.596103826867078385e-02
1.581412016266607601e-02
1.567148271886366698e-02
1.553264341599273728e-02
1.539730270319034262e-02
1.526592408061165987e-02
1.513845180557021365e-02
1.501464285371840665e-02
1.489430689675835459e-02
1.477726294924523384e-02
1.466362116155707669e-02
1.455327124454750681e-02
1.444595672802113234e-02
1.434128753388191381e-02
1.423903044993719835e-02
1.413910171847215964e-02
1.404137651816378916e-02
1.394581995100659111e-02
1.385237393875149610e-02
1.376089468969756043e-02
1.367136978269595238e-02
1.358372322325408429e-02
1.349767869589362131e-02
1.341286623165182691e-02
1.332912645472476842e-02
1.324652846295242513e-02
1.316510767371214391e-02
1.308479812212076307e-02
1.300550904119747789e-02
1.292744084846238553e-02
1.285090131474761130e-02
1.277597902114907015e-02
1.270273576360133987e-02
1.263125923755294838e-02
1.256150441978775255e-02
1.249335186751832950e-02
1.242668548889115307e-02
1.236134254057590261e-02
1.229722427579010673e-02
1.223427730936349836e-02
1.217239020399919248e-02
1.211146257565873935e-02
1.205140202761080179e-02
1.199216899776325493e-02
1.193367109476400206e-02
1.187592731536913325e-02
1.181896952191613566e-02
1.176276366510739177e-02
1.170730925177792051e-02
1.165262674129531432e-02
1.159878370436859089e-02
1.154580456677809473e-02
1.149364236788285448e-02
1.144224735708248251e-02
1.139157976457358043e-02
1.134172784623426432e-02
1.129283114701284604e-02
1.124485968144407246e-02
1.119770247101218273e-02
1.115125421624280425e-02
1.110546355844512639e-02
1.106031942019729784e-02
1.101586234516560223e-02
1.097210687605311083e-02
1.092904246464901363e-02
1.088667284869593646e-02
1.084492055556521631e-02
1.080379690198424170e-02
1.076334010882615787e-02
1.072355470073904291e-02
1.068440360735545096e-02
1.064582697586775352e-02
1.060772694446744310e-02
1.056998782670851879e-02
1.053253542008875804e-02
1.049532876436092173e-02
1.045831489419011759e-02
1.042149218281140065e-02
1.038488669613541436e-02
1.034848538938514147e-02
1.031225962621110277e-02
1.027616533935614418e-02
1.024020374010587396e-02
1.020443521968822723e-02
1.016893545888392092e-02
1.013383520745001799e-02
1.009925017250275572e-02
1.006522574222773470e-02
1.003171841848450423e-02
9.998600437373399499e-03
9.965781022577273329e-03
9.933263759734679149e-03
9.901049243072010744e-03
9.869090020782742348e-03
9.837330579294969665e-03
9.805739249328006973e-03
9.774246268503908666e-03
9.742817789893422342e-03
9.711524550759607216e-03
9.680450612287047618e-03
9.649652981172110455e-03
9.619173472145765152e-03
9.589030294011287661e-03
9.559256676412164477e-03
9.529894710881853942e-03
9.500957931447484225e-03
9.472444121944841380e-03
9.444297307326422058e-03
9.416413335315261882e-03
9.388709734352971084e-03
9.361140124461056478e-03
9.333680332689163126e-03
9.306343112508637730e-03
9.279123708976403859e-03
9.252008729765049538e-03
9.225006866780590883e-03
9.198138844926252028e-03
9.171379116447130053e-03
9.144690037776541033e-03
9.118035834367313117e-03
9.091374900239526310e-03
9.064716474068808955e-03
9.038079266085014343e-03
9.011491638126232356e-03
8.985019560415245798e-03
8.958700827967604197e-03
8.932547013132476760e-03
8.906549557688577326e-03
8.880649122375617460e-03
8.854765217587393100e-03
8.828829059538519791e-03
8.802788794939928746e-03
8.776633405676102784e-03
8.750385122735581528e-03
8.724099538491646155e-03
8.697852509635702403e-03
8.671698421681807781e-03
8.645741406702139170e-03
8.620023620991429381e-03
8.594545336163555635e-03
8.569301886933406581e-03
8.544268138329345202e-03
8.519441084248810178e-03
8.494792571552514659e-03
8.470307433091892046e-03
8.445973903356209997e-03
8.421781419249544515e-03
8.397725645789113139e-03
8.373773503824660097e-03
8.349876676359424196e-03
8.325964338509397530e-03
8.301978001439599963e-03
8.277894680150110762e-03
8.253701970547550754e-03
8.229392041658662935e-03
8.204982520546017302e-03
8.180504644779255929e-03
8.155998824611146100e-03
8.131482602148945929e-03
8.106970317513893451e-03
8.082487403136086324e-03
8.058059720092410408e-03
8.033688578295866689e-03
8.009347067544725016e-03
7.985018183144185558e-03
7.960697323516258139e-03
7.936380913067612661e-03
7.912061438856648685e-03
7.887727076138276866e-03
7.863361126737182516e-03
7.838957666297293944e-03
7.814529828741745981e-03
7.790065128755097393e-03
7.765525013535293231e-03
7.740878157008850881e-03
7.716121229481421977e-03
7.691272170813124795e-03
7.666388542229850972e-03
7.641540058586875420e-03
7.616782437750745267e-03
7.592148007812972443e-03
7.567626729472185822e-03
7.543176074552290084e-03
7.518736798492959943e-03
7.494247219194965885e-03
7.469658598141315671e-03
7.444940379098432051e-03
7.420114609363148706e-03
7.395209913781405388e-03
7.370220101289318322e-03
7.345129156845471227e-03
7.319921276148613591e-03
7.294606139476891328e-03
7.269209158743636726e-03
7.243741649827099838e-03
7.218216967356220690e-03
7.192663126529818922e-03
7.167080321804361089e-03
7.141449258810738700e-03
7.115770607549517200e-03
7.090065635350654462e-03
7.064343584044401221e-03
7.038607545501146534e-03
7.012822812600968438e-03
6.986894857765524845e-03
6.960719549492194562e-03
6.934222555275091834e-03
6.907385889777523623e-03
6.880238906508803244e-03
6.852784333748453138e-03
6.824990593544772756e-03
6.796840669630554305e-03
6.768350074931546445e-03
6.739535019607914741e-03
6.710367853296465672e-03
6.680780852993189849e-03
6.650700861399543549e-03
6.620094621191615486e-03
6.588968840680123340e-03
6.557358958441720197e-03
6.525340625163690914e-03
6.492999549099274896e-03
6.460373809945387825e-03
6.427478116005075695e-03
6.394320781606823746e-03
6.360872230071885208e-03
6.327100095384932156e-03
6.292969441738946457e-03
6.258417919495289430e-03
6.223335845016367621e-03
6.187533481774956136e-03
6.150792466891119928e-03
6.112825579597410547e-03
6.073348830570059025e-03
6.032224679541059800e-03
5.989594081935093253e-03
5.945928274150654065e-03
5.901844720660950894e-03
5.857831066750369964e-03
5.814158624322940394e-03
5.770852967006071498e-03
5.727829936923167775e-03
5.684954192743264800e-03
5.642063553134225168e-03
5.599038332914884654e-03
5.555846750900592275e-03
5.512555971173762649e-03
5.469253963774023571e-03
5.426045666829404195e-03
5.383032748352781054e-03
5.340336036468052751e-03
5.298045140581549364e-03
5.256170294193322594e-03
5.214617056726890930e-03
5.173259269524446528e-03
5.131981206756271695e-03
5.090758098729678861e-03
5.049572608485663333e-03
5.008392360009582440e-03
4.967227121276156926e-03
4.926046471498001997e-03
4.884777251025838873e-03
4.843384222840240241e-03
4.801863701004993601e-03
4.760173397693582414e-03
4.718250545199579281e-03
4.676081045646944892e-03
4.633798432793055470e-03
4.591604236361333281e-03
4.549492262254824226e-03
4.507344362760960961e-03
4.465020303455608831e-03
4.422400338915784268e-03
4.379439628649384013e-03
4.336099555417714801e-03
4.292369389613475902e-03
4.248310932664379688e-03
4.204006274481306323e-03
4.159601066266533677e-03
4.115238937863500632e-03
4.071054135476662172e-03
4.027088728142285898e-03
3.983314419802513884e-03
3.939706934694377737e-03
3.896265761194166611e-03
3.852992583887852093e-03
3.809891724373291964e-03
3.767016440770904352e-03
3.724434110529078502e-03
3.682197637743996835e-03
3.640272198843305922e-03
3.598634653680853231e-03
3.557270311993472687e-03
3.516197088809948097e-03
3.475462756314143167e-03
3.435106034125503475e-03
3.395140326819387575e-03
3.355633876526609334e-03
3.316640650000174818e-03
3.278172030145232001e-03
3.240224486141417802e-03
3.202815473898579582e-03
3.166064767093159510e-03
3.130095958583639822e-03
3.095026394291899331e-03
3.061000533029469874e-03
3.028091032736463829e-03
2.996272404073908793e-03
2.965463030647424482e-03
2.935568822506756225e-03
2.906492160581457089e-03
2.878161792974111028e-03
2.850529536278208122e-03
2.823554428849977919e-03
2.797179160990247940e-03
2.771327836617007954e-03
2.745945299878213043e-03
2.720992752449902068e-03
2.696444264338273156e-03
2.672274903118514958e-03
2.648485343716606294e-03
2.625126315282465261e-03
2.602289294846444820e-03
2.580061794993914696e-03
2.558475801569036565e-03
2.537527156608700759e-03
2.517210290935234431e-03
2.497470682081440272e-03
2.478261833304205419e-03
2.459578461549093240e-03
2.441414373708681879e-03
2.423763107582628355e-03
2.406586041196612583e-03
2.389855264493956875e-03
2.373539221988741222e-03
2.357612934299907221e-03
2.342058734205246674e-03
2.326845862066366337e-03
2.311943070266346892e-03
2.297332122814674249e-03
2.282995143824023774e-03
2.268918433992881539e-03
2.255107572349140856e-03
2.241592138467380074e-03
2.228420586211276623e-03
2.215623597729976090e-03
2.203210424800714287e-03
2.191176197396019210e-03
2.179503945424718717e-03
2.168166382119141901e-03
2.157123490942227349e-03
2.146330827956945304e-03
2.135758343366263561e-03
2.125387893839468870e-03
2.115202341116788082e-03
2.105183104688477993e-03
2.095320500467109069e-03
2.085603784950814527e-03
2.076020563673763517e-03
2.066591499799624865e-03
2.057334987788764918e-03
2.048250924170341106e-03
2.039324252026283434e-03
2.030537443612620389e-03
2.021886780561612824e-03
2.013368927179555110e-03
2.004979277413475054e-03
1.996712786983797019e-03
1.988568461263797577e-03
1.980551002948446708e-03
1.972674495256637565e-03
1.964953452723467841e-03
1.957385890865238204e-03
1.949963446298051337e-03
1.942679011039148002e-03
1.935527872016098690e-03
1.928495325382846006e-03
1.921568701222252373e-03
1.914741501825269676e-03
1.908007515302249197e-03
1.901367967730446720e-03
1.894824021526232867e-03
1.888378903077420588e-03
1.882038595333543687e-03
1.875808003794331678e-03
1.869689527169445366e-03
1.863682640406429244e-03
1.857785393654679202e-03
1.851995035822627360e-03
1.846307492189940436e-03
1.840717455199881872e-03
1.835218712541254737e-03
1.829804611105903924e-03
1.824469281637280341e-03
1.819208001145464042e-03
1.814016585402639667e-03
1.808891123200515949e-03
1.803827353078145748e-03
1.798820415322674926e-03
1.793863318830487977e-03
1.788949057727154401e-03
1.784074200923688788e-03
1.779237165588809077e-03
1.774435929027273935e-03
1.769668125648641947e-03
1.764932851721838112e-03
1.760231236526290212e-03
1.755564455668510776e-03
1.750932040593936815e-03
1.746331431612681197e-03
1.741758328675661275e-03
1.737208350044421252e-03
1.732678400910790326e-03
1.728166664687497264e-03
1.723672241887777481e-03
1.719194928826768597e-03
1.714734073981066375e-03
1.710288734646809444e-03
1.705857995462601966e-03
1.701439477007563560e-03
1.697030221012159291e-03
1.692628614696160133e-03
1.688233443952314285e-03
1.683842527933976331e-03
1.679457600922107949e-03
1.675082670835600007e-03
1.670722796993924985e-03
1.666382101951476014e-03
1.662062876990745607e-03
1.657765793843268528e-03
1.653490583680276719e-03
1.649236391212921971e-03
1.645001901832017369e-03
1.640785813932532124e-03
1.636587462229790579e-03
1.632406557147310583e-03
1.628243155404577583e-03
1.624098068879877314e-03
1.619972187904286870e-03
1.615865998308828799e-03
1.611779333505917360e-03
1.607711216416592929e-03
1.603660622270897595e-03
1.599627759104478878e-03
1.595613657666724314e-03
1.591618814309518192e-03
1.587642839736878994e-03
1.583685146064318016e-03
1.579745502701624706e-03
1.575823960820731421e-03
1.571920367629963669e-03
1.568033469794500104e-03
1.564160634804879222e-03
1.560299153958855014e-03
1.556447215532119144e-03
1.552603201465034164e-03
1.548765110090725722e-03
1.544930920059681134e-03
