1.570822367227955041e-01
4.319592415063214924e-02
3.093860134146604601e-02
2.505119496189483694e-02
2.102476649966905642e-02
1.789922254816320862e-02
1.537639042922564481e-02
1.326060338833116165e-02
1.142963978659566893e-02
9.845065179244806564e-03
8.475593980006444067e-03
7.296088395624223538e-03
6.293886351282347233e-03
5.454559792405819230e-03
4.757413307160238483e-03
4.181511318092166925e-03
3.704266255742897675e-03
3.306839403944290129e-03
2.973949828931963905e-03
2.693005673637324359e-03
2.454225089665493763e-03
2.249833809011981232e-03
2.073332697432377688e-03
1.919773608091472628e-03
1.785301218856579766e-03
1.666628377078320684e-03
1.561270842858395944e-03
1.467117254682765316e-03
1.382552117509110081e-03
1.306277605211323767e-03
1.237114732143161731e-03
1.174140679005059593e-03
1.116589191854930677e-03
1.063787393469362193e-03
1.015169323618788245e-03
9.703058642441906179e-04
9.288390925291183618e-04
8.903822756776205976e-04
8.546025414605517298e-04
8.212513478701175332e-04
7.901682181113171485e-04
7.611283416144672045e-04
7.339451927854254891e-04
7.084339668392114053e-04
6.844527812612315968e-04
6.618798588141408794e-04
6.406043652350268142e-04
6.205323616969581112e-04
6.015642403365680999e-04
5.836098324428927366e-04
5.665918238304289752e-04
5.504436943447670819e-04
5.351043484643023401e-04
5.205171224865863750e-04
5.066225609662564945e-04
4.933813973727099169e-04
4.807492713661930131e-04
4.686807340823161659e-04
4.571366028262150751e-04
4.460844948717335645e-04
4.355041123597208890e-04
4.253572098856097739e-04
4.156137677019955141e-04
4.062522570830858978e-04
3.972494373506093050e-04
3.885831627752420322e-04
3.802336224977219924e-04
3.721833317178890486e-04
3.644140211175680598e-04
3.569136683147691291e-04
3.496658717587437315e-04
3.426579519025933253e-04
3.358763209010437283e-04
3.293092521799349890e-04
3.229455847618699946e-04
3.167662072879707060e-04
3.107775424893441732e-04
3.049633781036773829e-04
2.993160225088972986e-04
2.938274861490089386e-04
2.884895175017078905e-04
2.832969655335918196e-04
2.782418760194235404e-04
2.733197180434643716e-04
2.685252995622006557e-04
2.638524351068216871e-04
2.592963630163242004e-04
2.548527372416540290e-04
2.505167868637271688e-04
2.462842168273124952e-04
2.421527303311068514e-04
2.381182420392695940e-04
2.341758118136246652e-04
2.303240962463640271e-04
2.265590133743201353e-04
2.228757708639403172e-04
2.192716423994676002e-04
2.157465256470668662e-04
2.122971081688050394e-04
2.089187728042455044e-04
2.056103272525042344e-04
2.023704147548012521e-04
1.991962584893817632e-04
1.960861751768860374e-04
1.930370125844297702e-04
1.900476670462335617e-04
1.871165104666979394e-04
1.842423116082965277e-04
1.814242129624180349e-04
1.786598310408569915e-04
1.759476821375511712e-04
1.732860177979677512e-04
1.706740001899914681e-04
1.681104321152985278e-04
1.655941867042805900e-04
1.631240519673545788e-04
1.606988656680973437e-04
1.583175559819352909e-04
1.559790963176005613e-04
1.536825021862584894e-04
1.514268246670218685e-04
1.492111259412047899e-04
1.470344602598364439e-04
1.448956784868668426e-04
1.427943328421860385e-04
1.407299220944031664e-04
1.387005108575622904e-04
1.367048887182388366e-04
1.347444887810883942e-04
1.328173363906960322e-04
1.309223513585184022e-04
1.290590605093767506e-04
1.272269960755694970e-04
1.254251707934582872e-04
1.236531342618890042e-04
1.219103321773903339e-04
1.201961911478778122e-04
1.185101448285568913e-04
1.168516432126709339e-04
1.152201596991966274e-04
1.136151836178580219e-04
1.120362208231405173e-04
1.104828599267901931e-04
1.089543890132915781e-04
1.074503182672550082e-04
1.059702688308913757e-04
1.045137955697637204e-04
1.030804379520775394e-04
1.016696749664359382e-04
1.002810374807972584e-04
9.891410797207048858e-05
9.756849412174205629e-05
9.624375920081157214e-05
9.493965753394002284e-05
9.365590404317910016e-05
9.239193316414457931e-05
9.114760702471724849e-05
8.992244620832810982e-05
8.871599597956843848e-05
8.752793062842342147e-05
8.635798333611484606e-05
8.520587849281298105e-05
8.407130085012163179e-05
8.295394339973557270e-05
8.185350161309343253e-05
8.076964439938298743e-05
7.970205779184746952e-05
7.865043146788763709e-05
7.761454311709634654e-05
7.659404115796327362e-05
7.558871101946205268e-05
7.459858844551850150e-05
7.362313212366848819e-05
7.266210097746235691e-05
7.171534678228199484e-05
7.078268196886226913e-05
6.986357634462662426e-05
6.895781688614216888e-05
6.806526644379502582e-05
6.718573903380606360e-05
6.631906321812008323e-05
6.546501081629681673e-05
6.462332727413595444e-05
6.379378870690550801e-05
6.297618570221241155e-05
6.217030724266006127e-05
6.137606696630468358e-05
6.059367562860015234e-05
5.982242465932215608e-05
5.906209089219603675e-05
5.831256434486220325e-05
5.757368857841061165e-05
5.684529455102571636e-05
5.612722495515890447e-05
5.541931995534123937e-05
5.472141954437060554e-05
5.403336621423671999e-05
5.335500480263208074e-05
5.268618208241461975e-05
5.202674670647156367e-05
5.137654948394692711e-05
5.073544417499281493e-05
5.010329019824305823e-05
4.947996536998715403e-05
4.886528973189119604e-05
4.825912554181954793e-05
4.766131495185553318e-05
4.707173849038623088e-05
4.649038782066231359e-05
4.591706663897401658e-05
4.535161934494978344e-05
4.479392319997338722e-05
4.424384991717516169e-05
4.370126953480199636e-05
4.316607157012432490e-05
4.263816270966885917e-05
4.211744599181652007e-05
4.160380118673569677e-05
4.109710326096771853e-05
4.059726083923043447e-05
4.010421084643025488e-05
3.961783849548763936e-05
3.913802116613124293e-05
3.866465378637769115e-05
3.819763688645901750e-05
3.773686885674541356e-05
3.728225323754415444e-05
3.683376124062911046e-05
3.639123052314836512e-05
3.595455029167323347e-05
3.552366040030276726e-05
3.509838082432574345e-05
3.467872675858904151e-05
3.426469456292804858e-05
3.385612797277293151e-05
3.345292947244037042e-05
3.305500613048862143e-05
3.266230642449536968e-05
3.227477093918172527e-05
3.189230210269072211e-05
3.151482075224561679e-05
3.114225602035684576e-05
3.077453017626610986e-05
3.041157544374936019e-05
3.005333018262224936e-05
2.969972510351966881e-05
2.935069210663442937e-05
2.900616518849744946e-05
2.866607981779325379e-05
2.833037075741743431e-05
2.799897166048099617e-05
2.767183182344452272e-05
2.734889400203984025e-05
2.703009373071121852e-05
2.671536628771611834e-05
2.640465399968530588e-05
2.609787083405680321e-05
2.579498830064333662e-05
2.549594733156848868e-05
2.520067511892083633e-05
2.490915673749367237e-05
2.462152930210808423e-05
2.433740383606494801e-05
2.405680304507166464e-05
2.377971343309646463e-05
2.350609528660277424e-05
2.323590282208350138e-05
2.296908887863891496e-05
2.270560598703546415e-05
2.244540682845122976e-05
2.218844484038071934e-05
2.193467486431225076e-05
2.168405337064334830e-05
2.143653812591543996e-05
2.119208766525717061e-05
2.095066102636494994e-05
2.071221843340558726e-05
2.047672707847390323e-05
2.024416963030827195e-05
2.001448105874223049e-05
1.978759502959811934e-05
1.956347900502373804e-05
1.934210147239674780e-05
1.912342797648520376e-05
1.890742278973519156e-05
1.869404992383288751e-05
1.848327344202685320e-05
1.827505722372627664e-05
1.806936511613015618e-05
1.786616956360474590e-05
1.766544168046553173e-05
1.746714440861657578e-05
1.727123977086271827e-05
1.707769624666248239e-05
1.688648351786847839e-05
1.669757161838887979e-05
1.651093141125260162e-05
1.632653416329283435e-05
1.614434979538435905e-05
1.596434741385597563e-05
1.578649723414375620e-05
1.561077051324732999e-05
1.543713911556274633e-05
1.526557545169442387e-05
1.509605245676700579e-05
1.492854350028769995e-05
1.476302230051317570e-05
1.459946290734519044e-05
1.443783972869149840e-05
1.427812755494976485e-05
1.412030156598260798e-05
1.396433732260227170e-05
1.381021074607454414e-05
1.365789809307144119e-05
1.350737594944168400e-05
1.335862128882525703e-05
1.321161166894746928e-05
1.306632569494542258e-05
1.292274393420866856e-05
1.278084994005828178e-05
1.264062832749534878e-05
1.250205614174766344e-05
1.236509976817608417e-05
1.222972833392877264e-05
1.209592047391152406e-05
1.196365912095075664e-05
1.183292741130042929e-05
1.170370781489493185e-05
1.157598232530995217e-05
1.144973273956063851e-05
1.132494084692710882e-05
1.120158853822192789e-05
1.107965786642128817e-05
1.095913107997983544e-05
1.083999064098051296e-05
1.072221923471946610e-05
1.060579977429049459e-05
1.049071540210449756e-05
1.037694948936262917e-05
1.026448563390098769e-05
1.015330765625783649e-05
1.004339959294055095e-05
9.934745684174533739e-06
9.827330350578436364e-06
9.721138156142193864e-06
9.616153841403128491e-06
9.512363099077859955e-06
9.409754421785721142e-06
9.308315283152983417e-06
9.208028024152867198e-06
9.108875115433458719e-06
9.010841645902138751e-06
8.913913739533417597e-06
8.818078408120490365e-06
8.723323131790386062e-06
8.629635244950691867e-06
8.537001939270985433e-06
8.445410458941505171e-06
8.354848199472670713e-06
8.265302729473047078e-06
8.176761788117791881e-06
8.089213280879043472e-06
8.002645279243084767e-06
7.917046026549771453e-06
7.832403956476974543e-06
7.748707748140610616e-06
7.665946480999059898e-06
7.584110683909871619e-06
7.503191166669036534e-06
7.423167319583078912e-06
7.344031962146233477e-06
7.265775688725339583e-06
7.188388207288675356e-06
7.111856988270732777e-06
7.036179687621278524e-06
6.961338940794274617e-06
6.887323804488642781e-06
6.814128230763677100e-06
6.741742512032038409e-06
6.670156908865018064e-06
6.599361876800952724e-06
6.529348049621194080e-06
6.460106215218737348e-06
6.391627300664541670e-06
6.323902362904635019e-06
6.256922582503750124e-06
6.190679259184781206e-06
6.125163808491253096e-06
6.060367759157466887e-06
5.996282750897613500e-06
5.932900532401437930e-06
5.870212959361446992e-06
5.808211992377220214e-06
5.746889694589129282e-06
5.686238228895828873e-06
5.626249854623548623e-06
5.566916923544594424e-06
5.508231875211525041e-06
5.450187231688962924e-06
5.392775591938199454e-06
5.335989626324611492e-06
5.279822071937910220e-06
5.224265729569530329e-06
5.169313463185986438e-06
5.114958202501320625e-06
5.061192948761146526e-06
5.008010783195227539e-06
4.955404876944454788e-06
4.903368500847000771e-06
4.851895033430784186e-06
4.800977965834888901e-06
4.750610903046014370e-06
4.700787561570301395e-06
4.651501764255231675e-06
4.602747433306637366e-06
4.554518582588823464e-06
4.506809310125227772e-06
4.459613791434103740e-06
4.412926274032711506e-06
4.366741073194210539e-06
4.321052568866701802e-06
4.275855203566231603e-06
4.231143481021988654e-06
4.186911965356980960e-06
4.143155280618854105e-06
4.099868110513949163e-06
4.057045198236624716e-06
4.014681346321680839e-06
3.972771416472739219e-06
3.931310329343397789e-06
3.890293064260406814e-06
3.849714658892110541e-06
3.809570208873082015e-06
3.769854867408712850e-06
3.730563844903145534e-06
3.691692408695807647e-06
3.653235883091094856e-06
3.615189650121485769e-06
3.577549152178371213e-06
3.540309899707790286e-06
3.503467493705711141e-06
3.467017693754394782e-06
3.430956610634291090e-06
3.395280937268539207e-06
3.359986670981467396e-06
3.325067584086582311e-06
3.290518354260942440e-06
3.256334945843478884e-06
3.222513627796394403e-06
3.189050689450050042e-06
3.155942380270730503e-06
3.123184919174937339e-06
3.090774518701343081e-06
3.058707404784308679e-06
3.026979829381300754e-06
2.995588077743534426e-06
2.964528472366024642e-06
2.933797375019886725e-06
2.903391187701819655e-06
2.873306352973143282e-06
2.843539353952373663e-06
2.814086714107364562e-06
2.784944996931407983e-06
2.756110805551818125e-06
2.727580782298263913e-06
2.699351608249118899e-06
2.671420002765320403e-06
2.643782723018458653e-06
2.616436563516671273e-06
2.589378355630766462e-06
2.562604967121957236e-06
2.536113301671474384e-06
2.509900298413150820e-06
2.483962931467868555e-06
2.458298209480948270e-06
2.432903175162010520e-06
2.407774904827483925e-06
2.382910507946534100e-06
2.358307126691788487e-06
2.333961935495994649e-06
2.309872140618275451e-06
2.286034979723129549e-06
2.262447721476844323e-06
2.239107665167391118e-06
2.216012140353416486e-06
2.193158506547448894e-06
2.170544152937932585e-06
2.148166498150704790e-06
2.126022990046691654e-06
2.104111105547649838e-06
2.082428350475519098e-06
2.060972259385863848e-06
2.039740395372426652e-06
2.018730349817932833e-06
1.997939742069553607e-06
1.977366219021710592e-06
1.957007454604412431e-06
1.936861149193694868e-06
1.916925028992592135e-06
1.897196845461219298e-06
1.877674374871867360e-06
1.858355417983507767e-06
1.839237799625721986e-06
1.820319367669722922e-06
1.801597990327988680e-06
1.783071548843945560e-06
1.764737912056495517e-06
1.746594785101444442e-06
1.728638206906123610e-06
1.710872824429546601e-06
1.693293808446069930e-06
1.675896055368964059e-06
1.658678423643373269e-06
1.641639470086304727e-06
1.624777465950093759e-06
1.608090597268331134e-06
1.591577036361002752e-06
1.575234962834267900e-06
1.559062570083389961e-06
1.543058067802352943e-06
1.527219683245960899e-06
1.511545661974619180e-06
1.496034268301816851e-06
1.480683785498371330e-06
1.465492515671293139e-06
1.450458779010299494e-06
1.435580911724526113e-06
1.420857261705206700e-06
1.406286182074993381e-06
1.391866027954761003e-06
1.377595167616817960e-06
1.363472006445570502e-06
1.349494996332339531e-06
1.335662619731050851e-06
1.321973372267794735e-06
1.308425757809514243e-06
1.295018290473323655e-06
1.281749497310638350e-06
1.268617919892828533e-06
1.255622114988729974e-06
1.242760654765041623e-06
1.230032126775833415e-06
1.217435133865721513e-06
1.204968294039235282e-06
1.192630240317416945e-06
1.180419620590858185e-06
1.168335097472317477e-06
1.156375348150175972e-06
1.144539064242838466e-06
1.132824951652829430e-06
1.121231730419244957e-06
1.109758134565837821e-06
1.098402911942221676e-06
1.087164824054956587e-06
1.076042645885723247e-06
1.065035165694667334e-06
1.054141184808778923e-06
1.043359517397921932e-06
1.032688990243463058e-06
1.022128442508443777e-06
1.011676725518411847e-06
1.001332702563581936e-06
9.910952487293862596e-07
9.809632507603034449e-07
9.709356069552533506e-07
9.610112270899027582e-07
9.511890323574741802e-07
9.414679553183789514e-07
9.318469398499914579e-07
9.223249410894456136e-07
9.129009253654547431e-07
9.035738701167791553e-07
8.943427637982809772e-07
8.852066057756421947e-07
8.761644062112489849e-07
8.672151859441334787e-07
8.583579763657822130e-07
8.495918192943263273e-07
8.409157668483071849e-07
8.323288813214595978e-07
8.238302350590381349e-07
8.154189103362216240e-07
8.070939992388145971e-07
7.988546035462363587e-07
7.906998346170352717e-07
7.826288132762295636e-07
7.746406697051561974e-07
7.667345433328537195e-07
7.589095827294463280e-07
7.511649455010918825e-07
7.434997981863043299e-07
7.359133161538862343e-07
7.284046835018443944e-07
7.209730929577730517e-07
7.136177457800506731e-07
7.063378516604545619e-07
6.991326286274265183e-07
6.920013029507314462e-07
6.849431090468890897e-07
6.779572893859443982e-07
6.710430943992722259e-07
6.641997823887919164e-07
6.574266194376194090e-07
6.507228793224657151e-07
6.440878434277475650e-07
6.375208006620419019e-07
6.310210473765467842e-07
6.245878872864217770e-07
6.182206313944495312e-07
6.119185979177396932e-07
6.056811122169262677e-07
5.995075067281311790e-07
5.933971208970174615e-07
5.873493011149096352e-07
5.813634006562409574e-07
5.754387796166783016e-07
5.695748048514211009e-07
5.637708499129382857e-07
5.580262949875831139e-07
5.523405268307080121e-07
5.467129386998275348e-07
5.411429302859319339e-07
5.356299076428334929e-07
5.301732831149554864e-07
5.247724752637804972e-07
5.194269087935673212e-07
5.141360144768509256e-07
5.088992290800348394e-07
5.037159952898230603e-07
4.985857616407462208e-07
4.935079824440592083e-07
4.884821177183441783e-07
4.835076331218238350e-07
4.785839998865677226e-07
4.737106947544148188e-07
4.688871999146793434e-07
4.641130029434351720e-07
4.593875967443606964e-07
4.547104794908155347e-07
4.500811545692727069e-07
4.454991305236810110e-07
4.409639210009847107e-07
4.364750446972776512e-07
4.320320253049541734e-07
4.276343914604110766e-07
4.232816766924578061e-07
4.189734193712493132e-07
4.147091626578797070e-07
4.104884544544145103e-07
4.063108473544380701e-07
4.021758985941132649e-07
3.980831700037103085e-07
3.940322279595982993e-07
3.900226433367013668e-07
3.860539914613889753e-07
3.821258520648866239e-07
3.782378092370883043e-07
3.743894513808275216e-07
3.705803711666304881e-07
3.668101654878985513e-07
3.630784354165453727e-07
3.593847861590795932e-07
3.557288270131431486e-07
3.521101713245355181e-07
3.485284364445695330e-07
3.449832436879955971e-07
3.414742182913167074e-07
3.380009893714991977e-07
3.345631898851768793e-07
3.311604565882336986e-07
3.277924299959258503e-07
3.244587543432376702e-07
3.211590775458306638e-07
3.178930511613501410e-07
3.146603303510977697e-07
3.114605738421819086e-07
3.082934438900348103e-07
3.051586062413558840e-07
3.020557300974445380e-07
2.989844880778789313e-07
2.959445561846740918e-07
2.929356137667549720e-07
2.899573434848273989e-07
2.870094312766630110e-07
2.840915663226968561e-07
2.812034410120208187e-07
2.783447509087575236e-07
2.755151947188193747e-07
2.727144742569409213e-07
2.699422944141082707e-07
2.671983631254313931e-07
2.644823913381262760e-07
2.617940929801443712e-07
2.591331849288887033e-07
2.564993869803943640e-07
2.538924218187878923e-07
2.513120149861364485e-07
2.487578948525146226e-07
2.462297925865093711e-07
2.437274421259508987e-07
2.412505801490094596e-07
2.387989460455703022e-07
2.363722818889541505e-07
2.339703324078970901e-07
2.315928449588459727e-07
2.292395694985329456e-07
2.269102585569471331e-07
2.246046672103912066e-07
2.223225530550198107e-07
2.200636761805873387e-07
2.178277991444297010e-07
2.156146869457942770e-07
2.134241070004366556e-07
2.112558291154194467e-07
2.091096254642627163e-07
2.069852705623168215e-07
2.048825412424015842e-07
2.028012166307116976e-07
2.007410781229576608e-07
1.987019093608088930e-07
1.966834962085158089e-07
1.946856267298634292e-07
1.927080911652804207e-07
1.907506819092593421e-07
1.888131934880052708e-07
1.868954225372728686e-07
1.849971677805021579e-07
1.831182300071619807e-07
1.812584120512857603e-07
1.794175187703158472e-07
1.775953570240726179e-07
1.757917356540206166e-07
1.740064654627559325e-07
1.722393591936400068e-07
1.704902315106939822e-07
1.687588989787589682e-07
1.670451800437321414e-07
1.653488950131656946e-07
1.636698660369406680e-07
1.620079170882212812e-07
1.603628739445777716e-07
1.587345641693336172e-07
1.571228170930745426e-07
1.555274637953974207e-07
1.539483370867695006e-07
1.523852714907192749e-07
1.508381032260417735e-07
1.493066701893383291e-07
1.477908119376466847e-07
1.462903696713122402e-07
1.448051862169779103e-07
1.433351060108474680e-07
1.418799750819877725e-07
1.404396410359468874e-07
1.390139530384398025e-07
1.376027617992922096e-07
1.362059195564666520e-07
1.348232800602884160e-07
1.334546985579007811e-07
1.321000317777642124e-07
1.307591379144116459e-07
1.294318766133305657e-07
1.281181089560046665e-07
1.268176974450917830e-07
1.255305059898089981e-07
1.242563998914102632e-07
1.229952458288661941e-07
1.217469118446614730e-07
1.205112673307369865e-07
1.192881830146216197e-07
1.180775309456553981e-07
1.168791844813899498e-07
1.156930182741111791e-07
1.145189082575337023e-07
1.133567316335953394e-07
1.122063668594021395e-07
1.110676936343480535e-07
1.099405928872863291e-07
1.088249467639169784e-07
1.077206386142613576e-07
1.066275529802885905e-07
1.055455755836226722e-07
1.044745933134837903e-07
1.034144942146092380e-07
1.023651674754187358e-07
1.013265034162675277e-07
1.002983934777899761e-07
9.928073020939819197e-08
9.827340725789855995e-08
9.727631935621783599e-08
9.628936231222830779e-08
9.531243299773644587e-08
9.434542933755034198e-08
9.338825029864348425e-08
9.244079587949844747e-08
9.150296709947418109e-08
9.057466598835333154e-08
8.965579557598328071e-08
8.874625988197216221e-08
8.784596390558254071e-08
