9.943543845369507972e-01
4.719763143057869037e-01
3.938337059146803654e-01
3.570855354665035675e-01
3.342931258066890732e-01
3.185258239973670635e-01
3.066735662044354771e-01
2.973689001965652556e-01
2.898770588948655913e-01
2.835997634461255856e-01
2.782499530683055222e-01
2.736673064479890893e-01
2.697030823347411066e-01
2.662461318195904481e-01
2.631404883994684085e-01
2.603682869956760459e-01
2.579242976099368478e-01
2.557044522009476184e-01
2.536646221776932553e-01
2.517557529354970125e-01
2.499620713962468488e-01
2.482926141530898967e-01
2.467272414762229360e-01
2.452702823713133751e-01
2.438755502979999545e-01
2.425542687970247413e-01
2.413397700783612987e-01
2.402041060791999527e-01
2.391399502084113338e-01
2.381059774033150167e-01
2.371443520176326203e-01
2.362416119763404709e-01
2.353868921617171539e-01
2.345777786838209589e-01
2.337901091102408402e-01
2.330066515835642338e-01
2.322547587445984441e-01
2.315610053549319591e-01
2.309169921606980536e-01
2.303062119227944626e-01
2.297429175214585895e-01
2.291796755011089315e-01
2.286344654505907958e-01
2.280933974306678658e-01
2.275716905187347150e-01
2.270515334471882307e-01
2.265377096327599871e-01
2.260274927812930268e-01
2.255484045445474983e-01
2.250907655818465136e-01
2.246507709086686955e-01
2.242198627762923280e-01
2.237875165437831770e-01
2.233654906838527521e-01
2.229505216131398293e-01
2.225558300142458368e-01
2.221917926175970004e-01
2.218433669282213194e-01
2.215060082673578068e-01
2.211758806446397496e-01
2.208511651804568876e-01
2.205350320316110391e-01
2.202385651917059817e-01
2.199362148238183656e-01
2.196483815814110896e-01
2.193778520709140090e-01
2.190941491057883939e-01
2.188124704103062423e-01
2.185457861500326726e-01
2.183016533112832058e-01
2.180519304913790535e-01
2.178152140909443979e-01
2.175863323618202338e-01
2.173740164437364397e-01
